INT	INT	STRING	INT	INT	INT	STRING	INT	INT	INT	INT	INT	INT	INT	INT	INT
ID	成就类型归属	成就名称	需要够等级才显示	扩展计数	需要该数据到达的计数值	位标示列表	奖励成就积分	资源奖励1	数量	资源奖励2	数量	物品奖励	数量	已领奖位标示	成就达成位标示
0	-1	初临大陆	-1	-1	-1	-1	-1	-1	-1	-1	-1	-1	-1	-1	-1
1	-1	战力进阶	-1	-1	-1	-1	-1	-1	-1	-1	-1	-1	-1	-1	-1
2	-1	探索圣光	-1	-1	-1	-1	-1	-1	-1	-1	-1	-1	-1	-1	-1
3	-1	征战不止	-1	-1	-1	-1	-1	-1	-1	-1	-1	-1	-1	-1	-1
4	-1	实力为尊	-1	-1	-1	-1	-1	-1	-1	-1	-1	-1	-1	-1	-1
5	-1	大陆居民	-1	-1	-1	-1	-1	-1	-1	-1	-1	-1	-1	-1	-1
6	-1	炼金术士	-1	-1	-1	-1	-1	-1	-1	-1	-1	-1	-1	-1	-1
7	-1	商业合作	-1	-1	-1	-1	-1	-1	-1	-1	-1	-1	-1	-1	-1
8	-1	王者之路	-1	-1	-1	-1	-1	-1	-1	-1	-1	-1	-1	-1	-1
9	-1	隐藏成就	-1	-1	-1	-1	-1	-1	-1	-1	-1	-1	-1	-1	-1
10	-1	玛雅纪元	-1	-1	-1	-1	-1	-1	-1	-1	-1	-1	-1	-1	-1
10000	0	学会强化	1	43	1	-1	20	17	20	22000	1	-1	-1	600	601
10001	0	开启社交	1	44	1	-1	20	17	20	21900	1	-1	-1	602	603
10002	0	勇士之路	9999	-1	-1	-1	20	17	20	2	10000	-1	-1	604	605
10003	0	竞技首胜	1	49	1	-1	20	17	40	11	200	-1	-1	606	607
10004	0	金币的用途	9999	-1	-1	-1	20	17	20	2	10000	-1	-1	608	609
10005	0	钻石的用途	9999	-1	-1	-1	20	17	20	2	100000	-1	-1	610	611
10006	0	学会精炼	9999	-1	-1	-1	20	17	20	22003	2	-1	-1	612	613
10007	0	失败了	1	85	1	-1	20	17	20	22000	2	-1	-1	614	615
10008	0	开启天赋	1	86	1	-1	20	17	20	5	200	-1	-1	616	617
10009	0	灵兽伙伴	1	87	1	-1	20	17	20	7	100	-1	-1	618	619
10010	0	激活魔物志	1	88	1	-1	20	17	20	2	10000	-1	-1	620	621
10011	0	战斗技巧	9999	-1	-1	-1	20	17	20	5	200	-1	-1	622	623
10012	0	学会抱团	9999	-1	-1	-1	20	17	20	21900	1	-1	-1	624	625
10014	0	副本历练	9999	-1	-1	-1	20	17	20	22000	1	-1	-1	628	629
10015	0	转生体验	9999	-1	-1	-1	20	17	40	2	2	-1	-1	630	631
10016	0	开启修炼	1	91	1	-1	20	17	40	5	200	-1	-1	632	633
10017	0	扩展背包	1	305	1	-1	20	17	20	22000	1	-1	-1	634	635
10018	0	购买格子	9999	-1	1	-1	20	17	60	22019	1	-1	-1	636	637
10019	0	学会洗练	1	303	1	-1	20	17	60	22000	1	-1	-1	638	639
10022	0	大陆日常	9999	-1	-1	-1	20	17	20	25006	1	-1	-1	644	645
10023	0	不要吝啬赞美	1	420	1	-1	20	17	40	2	3000	-1	-1	972	973
10025	0	开启洗炼	9999	-1	-1	-1	20	17	40	22000	2	-1	-1	1778	1777
15000	1	史诗坐骑	1	740	1	-1	10	2	10000	22066	5	-1	-1	2177	2176
15001	1	传说坐骑	1	740	2	-1	10	2	15000	22066	15	-1	-1	2179	2178
20000	1	新手级别	1	46	50	-1	10	17	20	2	1000	-1	-1	646	647
20001	1	勇者级别	1	46	100	-1	10	17	40	2	3000	-1	-1	648	649
20002	1	先锋级别	1	46	150	-1	10	17	60	2	5500	-1	-1	650	651
20003	1	精英级别	1	46	200	-1	10	17	100	2	8500	-1	-1	652	653
20004	1	统领级别	1	46	250	-1	10	17	120	2	10000	-1	-1	654	655
20005	1	领袖级别	1	46	300	-1	10	17	160	2	15000	-1	-1	656	657
20006	1	神绶级别	1	46	350	-1	10	17	220	2	20000	-1	-1	658	659
20007	1	守护级别	1	46	400	-1	10	17	320	2	30000	-1	-1	660	661
20008	1	一转	1	51	1	-1	10	17	40	2	5000	-1	-1	662	663
20009	1	二转	1	51	2	-1	10	17	100	2	10000	-1	-1	664	665
20010	1	三转	1	51	3	-1	10	17	160	2	20000	-1	-1	666	667
20011	1	四转	1	51	4	-1	10	17	320	2	50000	-1	-1	668	669
20012	1	新手战技	1	89	50	-1	10	17	20	5	100	-1	-1	670	671
20013	1	勇者战技	1	89	100	-1	10	17	60	5	150	-1	-1	672	673
20014	1	先锋战技	1	89	200	-1	10	17	100	5	200	-1	-1	674	675
20015	1	精英战技	1	89	300	-1	10	17	120	5	250	-1	-1	676	677
20016	1	统领战技	1	89	400	-1	10	17	160	5	300	-1	-1	678	679
20017	1	领袖战技	1	89	500	-1	10	17	220	5	350	-1	-1	680	681
20018	1	神绶战技	1	89	600	-1	10	17	220	5	400	-1	-1	682	683
20019	1	守护战技	1	89	700	-1	10	17	260	5	500	-1	-1	684	685
20020	1	神坻战技	1	89	800	-1	10	17	320	5	1000	-1	-1	686	687
20021	1	入门修炼	1	91	10	-1	10	17	40	2	10000	-1	-1	688	689
20022	1	初等修炼	1	91	20	-1	10	17	60	2	20000	-1	-1	690	691
20023	1	中等修炼	1	91	50	-1	10	17	60	2	50000	-1	-1	692	693
20024	1	高等修炼	1	91	100	-1	10	17	100	2	100000	-1	-1	694	695
20025	1	精英修炼	1	91	200	-1	10	17	160	2	200000	-1	-1	696	697
20026	1	完美修炼	9999	-1	-1	-1	10	17	320	2	500000	-1	-1	698	699
20027	1	初露天赋	1	86	3	-1	10	17	20	5	20	-1	-1	700	701
20028	1	低级天赋	1	86	5	-1	10	17	60	5	60	-1	-1	702	703
20029	1	中级天赋	1	86	10	-1	10	17	100	5	100	-1	-1	704	705
20030	1	高级天赋	1	86	20	-1	10	17	120	5	120	-1	-1	706	707
20031	1	异禀天赋	1	86	50	-1	10	17	160	5	160	-1	-1	708	709
20032	1	完美天赋	1	86	100	-1	10	17	320	5	320	-1	-1	710	711
20033	1	战技入门	1	332	2	-1	10	17	20	5	20	-1	-1	712	713
20034	1	战技进阶	1	332	5	-1	10	17	40	5	40	-1	-1	714	715
20035	1	战技完美	1	332	8	-1	10	17	60	5	60	-1	-1	716	717
20036	1	战技神话	1	332	10	-1	10	17	160	5	160	-1	-1	718	719
20037	1	初级道具包	1	333	60	-1	10	17	20	2	20000	-1	-1	720	721
20038	1	中级道具包	1	333	80	-1	10	17	20	2	20000	-1	-1	722	723
20039	1	高级道具包	1	333	100	-1	10	17	40	2	50000	-1	-1	724	725
20040	1	初级装备库	1	334	60	-1	10	17	20	2	20000	-1	-1	726	727
20041	1	中级装备库	1	334	80	-1	10	17	20	2	20000	-1	-1	728	729
20042	1	高级装备库	1	334	100	-1	10	17	40	2	50000	-1	-1	730	731
20043	1	飞翔之力II	40	308	2	-1	10	17	60	22018	1	-1	-1	886	887
20044	1	飞翔之力III	40	308	3	-1	10	17	60	22018	2	-1	-1	888	889
20045	1	飞翔之力IV	40	308	4	-1	10	17	80	22018	3	-1	-1	890	891
20046	1	飞翔之力V	40	308	5	-1	10	17	120	22018	4	-1	-1	892	893
20047	1	飞翔之力VI	40	308	6	-1	10	17	160	22018	5	-1	-1	894	895
20048	1	飞翔之力VII	40	308	7	-1	10	17	220	22018	6	-1	-1	896	897
20049	1	飞翔之力VIII	9999	-1	-1	-1	10	17	320	22018	7	-1	-1	898	899
20050	1	飞翔之力IX	9999	-1	-1	-1	10	17	320	22018	8	-1	-1	900	901
20051	1	飞翔之力X	9999	-1	-1	-1	10	17	320	22018	9	-1	-1	902	903
20062	1	石头神像	100	336	10	-1	10	17	80	22064	1	-1	-1	1275	1276
20063	1	粗铁神像	100	336	50	-1	10	17	80	22064	1	-1	-1	1277	1278
20064	1	青铜神像	100	336	100	-1	10	17	80	22064	2	-1	-1	1279	1280
20065	1	白银神像	100	336	200	-1	10	17	80	22064	2	-1	-1	1281	1282
20066	1	黄金神像	100	336	500	-1	10	17	100	22064	3	-1	-1	1283	1284
20067	1	水晶神像	9999	-1	-1	-1	10	17	120	22064	3	-1	-1	1285	1286
20068	1	钻石神像	9999	-1	-1	-1	10	17	160	22064	4	-1	-1	1287	1288
20069	1	陨晶神像	9999	-1	-1	-1	10	17	220	22064	4	-1	-1	1289	1290
20070	1	星辰神像	9999	-1	-1	-1	10	17	260	22064	5	-1	-1	1291	1292
20071	6	符文之力I	100	346	10	-1	20	17	120	2	50000	-1	-1	1539	1540
20072	6	符文之力II	100	346	20	-1	20	17	120	2	50000	-1	-1	1541	1542
20073	6	符文之力III	100	346	30	-1	20	17	160	2	100000	-1	-1	1543	1544
20074	6	符文之力IV	100	346	40	-1	20	17	200	2	100000	-1	-1	1545	1546
20075	6	符文之力V	100	346	50	-1	20	17	240	2	200000	-1	-1	1547	1548
20076	6	符文之力VI	100	346	60	-1	20	17	280	2	300000	-1	-1	2061	2160
20077	6	符文之力7	9999	-1	-1	-1	10	17	320	2	400000	-1	-1	2063	2162
20078	6	符文之力8	9999	-1	-1	-1	10	17	360	2	500000	-1	-1	2065	2164
20079	6	符文之力9	9999	-1	-1	-1	10	17	400	2	600000	-1	-1	2067	2166
20080	6	符文之力10	9999	-1	-1	-1	10	17	440	2	700000	-1	-1	2069	2168
20081	6	符文之力11	9999	-1	-1	-1	10	17	480	2	800000	-1	-1	2071	2170
20082	6	符文之力12	9999	-1	-1	-1	10	17	520	2	900000	-1	-1	2073	2172
20083	6	符文之力13	9999	-1	-1	-1	10	17	560	2	1000000	-1	-1	2075	2174
20100	1	出类拔萃	40	679	3	-1	10	17	60	22017	10	-1	-1	2456	2457
20101	1	登峰造极	40	679	6	-1	10	17	60	22017	20	-1	-1	2458	2459
20102	1	超群绝伦	40	679	9	-1	10	17	80	22017	30	-1	-1	2460	2461
20103	1	万古流芳	40	679	12	-1	10	17	120	22017	40	-1	-1	2462	2463
20104	1	盖世无双	40	679	15	-1	10	17	160	22017	50	-1	-1	2464	2465
30000	2	体验飞翔	1	-1	-1	41	10	17	20	22018	1	-1	-1	732	733
30001	2	丛林探险	1	-1	-1	51	10	17	20	22018	1	-1	-1	734	735
30002	2	任务新手	1	1	100	-1	10	17	20	22017	1	-1	-1	736	737
30003	2	任务达人	1	1	200	-1	10	17	60	22017	2	-1	-1	738	739
30004	2	任务精英	1	1	500	-1	10	17	80	22017	3	-1	-1	740	741
30005	2	任务专家	9999	-1	-1	-1	10	17	120	22017	4	-1	-1	742	743
30006	2	任务大师	9999	-1	-1	-1	10	17	220	22017	5	-1	-1	744	745
30007	2	任务宗师	9999	-1	-1	-1	10	17	320	22017	10	-1	-1	746	747
30008	2	废弃	99999	329	99999	-1	10	17	60	2	5000	-1	-1	748	749
30009	2	新人级日常	1	2	10	-1	10	17	20	2	20000	-1	-1	750	751
30010	2	初级日常	1	2	100	-1	10	17	40	2	40000	-1	-1	752	753
30011	2	中级日常	1	2	200	-1	10	17	60	2	60000	-1	-1	754	755
30012	2	高级日常	1	2	500	-1	10	17	60	2	60000	-1	-1	756	757
30013	2	达人级日常	1	2	1000	-1	10	17	100	2	100000	-1	-1	758	759
30014	2	精英级日常	9999	-1	-1	-1	10	17	120	2	120000	-1	-1	760	761
30015	2	专家级日常	9999	-1	-1	-1	10	17	160	2	160000	-1	-1	762	763
30016	2	大师级日常	9999	-1	-1	-1	10	17	220	2	220000	-1	-1	764	765
30017	2	宗师级日常	9999	-1	-1	-1	10	17	320	2	320000	-1	-1	766	767
30018	2	第一封信	1	3	1	-1	10	17	20	22018	1	-1	-1	768	769
30019	2	初级信箱	1	3	10	-1	10	17	40	22018	1	-1	-1	770	771
30020	2	中级信箱	1	3	20	-1	10	17	60	22018	2	-1	-1	772	773
30021	2	高级信箱	1	3	50	-1	10	17	60	22018	2	-1	-1	774	775
30022	2	特级信箱	1	3	100	-1	10	17	100	22018	3	-1	-1	776	777
30023	2	信箱发热	1	3	150	-1	10	17	120	22018	3	-1	-1	778	779
30024	2	挤爆信箱	1	3	200	-1	10	17	160	22018	4	-1	-1	780	781
30025	2	信箱罢工	1	3	300	-1	10	17	220	22018	4	-1	-1	782	783
30026	2	收了一辈子的信	1	3	500	-1	10	17	320	22018	5	-1	-1	784	785
30047	2	普通神庙	1	102	1	-1	10	17	20	2	20000	-1	-1	1645	1646
30048	2	精英神庙	1	105	1	-1	10	17	20	2	20000	-1	-1	1647	1648
30049	2	炼狱神庙	1	108	1	-1	20	17	20	2	20000	-1	-1	1649	1650
30050	2	普通石窟	1	114	1	-1	10	17	20	2	20000	-1	-1	1651	1652
30051	2	精英石窟	1	117	1	-1	10	17	20	2	20000	-1	-1	1653	1654
30052	2	炼狱石窟	1	120	1	-1	20	17	40	2	40000	-1	-1	1655	1656
30053	2	普通圣殿	1	126	1	-1	10	17	20	2	20000	-1	-1	1693	1694
30054	2	精英圣殿	1	129	1	-1	10	17	20	2	20000	-1	-1	1695	1696
30055	2	炼狱圣殿	1	132	1	-1	20	17	40	2	40000	-1	-1	1697	1698
30056	2	普通王座	1	193	1	-1	10	17	60	2	60000	-1	-1	1699	2100
30057	2	精英王座	1	194	1	-1	10	17	60	2	60000	-1	-1	2101	2102
30058	2	炼狱王座	1	195	1	-1	20	17	80	2	80000	-1	-1	2103	2104
30059	2	普通祭坛	1	196	1	-1	10	17	100	2	100000	-1	-1	2105	2106
30060	2	精英祭坛	1	197	1	-1	10	17	100	2	100000	-1	-1	2107	2108
30061	2	炼狱祭坛	1	198	1	-1	20	17	120	2	120000	-1	-1	2109	2110
30062	2	普通深海	1	199	1	-1	10	17	120	2	120000	-1	-1	2111	2112
30063	2	精英深海	1	200	1	-1	10	17	120	2	120000	-1	-1	2113	2114
30064	2	炼狱深海	1	201	1	-1	20	17	160	2	160000	-1	-1	2115	2116
30065	2	凛冬风波	1	-1	-1	151	10	17	40	22018	1	-1	-1	2117	2118
30066	2	地底危机	1	-1	-1	101	10	17	60	22018	1	-1	-1	2119	2120
30067	2	高塔和熔岩	1	-1	-1	164	10	17	100	22018	1	-1	-1	2121	2122
30068	2	海洋之心	1	-1	-1	220	10	17	120	22018	1	-1	-1	2123	2124
40000	3	除魔勇者	1	45	1000	-1	10	17	20	2	10000	-1	-1	786	787
40001	3	除魔先锋	1	45	5000	-1	10	17	40	2	20000	-1	-1	788	789
40002	3	除魔精英	1	45	10000	-1	10	17	80	2	30000	-1	-1	790	791
40003	3	除魔统领	1	45	20000	-1	10	17	120	2	40000	-1	-1	792	793
40004	3	除魔领袖	1	45	50000	-1	10	17	160	2	50000	-1	-1	794	795
40005	3	除魔使者	1	45	99999	-1	10	17	200	2	60000	-1	-1	796	797
40006	3	除魔守护	9999	-1	-1	-1	10	17	240	2	70000	-1	-1	798	799
40007	3	除魔神坻	9999	-1	-1	-1	10	17	280	2	80000	-1	-1	800	801
40008	6	新手炼金师	1	344	5	-1	10	17	120	2	60000	-1	-1	1499	1500
40009	6	入门炼金师	1	344	10	-1	10	17	120	2	60000	-1	-1	1501	1502
40010	6	初级炼金师	1	344	20	-1	20	17	120	2	60000	-1	-1	1503	1504
40011	6	中级炼金师	1	344	50	-1	20	17	160	2	80000	-1	-1	1505	1506
40012	6	高级炼金师	1	344	100	-1	20	17	160	2	80000	-1	-1	1507	1508
40013	6	进阶炼金师	1	344	200	-1	20	17	160	2	80000	-1	-1	1509	1510
40014	6	达人炼金师	1	344	300	-1	20	17	220	2	110000	-1	-1	1511	1512
40015	6	特级炼金师	1	344	500	-1	20	17	220	2	110000	-1	-1	1513	1514
40016	6	精英炼金师	1	344	1000	-1	20	17	260	2	130000	-1	-1	1515	1516
40017	6	超级炼金师	1	344	2000	-1	20	17	320	2	160000	-1	-1	1517	1518
50000	4	新人强化	1	47	5	-1	20	17	20	22000	1	-1	-1	802	803
50001	4	初级强化	1	47	20	-1	20	17	20	22000	1	-1	-1	804	805
50002	4	中级强化	1	47	50	-1	20	17	40	22000	2	-1	-1	806	807
50003	4	高级强化	1	47	80	-1	20	17	100	22000	2	-1	-1	808	809
50004	4	达人强化	1	47	100	-1	20	17	160	22000	3	-1	-1	810	811
50005	4	进阶强化	1	47	130	-1	20	17	60	22000	3	-1	-1	812	813
50006	4	特级强化	9999	-1	-1	-1	20	17	60	22000	4	-1	-1	814	815
50007	4	神级强化	9999	-1	-1	-1	20	17	60	22000	4	-1	-1	816	817
50008	4	新人精炼	1	57	10	-1	20	17	20	22003	1	-1	-1	818	819
50009	4	初级精炼	1	57	100	-1	20	17	20	22003	2	-1	-1	820	821
50010	4	中级精炼	1	57	200	-1	20	17	40	22003	3	-1	-1	822	823
50011	4	高级精炼	1	57	500	-1	20	17	100	22003	4	-1	-1	824	825
50012	4	达人精炼	1	57	1000	-1	20	17	160	22003	5	-1	-1	826	827
50013	4	进阶精炼	1	57	3000	-1	20	17	60	22003	6	-1	-1	828	829
50014	4	特级精炼	9999	-1	-1	-1	20	17	60	22003	7	-1	-1	830	831
50015	4	神级精炼	9999	-1	-1	-1	20	17	60	22003	8	-1	-1	832	833
50016	4	新人洗练	1	303	10	-1	20	17	60	22000	1	-1	-1	842	843
50017	4	初级洗练	1	303	30	-1	20	17	60	22000	1	-1	-1	844	845
50018	4	中级洗练	1	303	100	-1	20	17	60	22000	2	-1	-1	846	847
50019	4	高级洗练	1	303	200	-1	20	17	80	22000	2	-1	-1	848	849
50020	4	达人洗练	1	303	300	-1	20	17	120	22000	3	-1	-1	850	851
50021	4	进阶洗练	1	303	500	-1	20	17	160	22000	3	-1	-1	852	853
50022	4	特级洗练	1	303	1000	-1	20	17	220	22000	4	-1	-1	854	855
50023	4	神级洗练	1	303	3000	-1	20	17	320	22000	4	-1	-1	856	857
50032	4	学会培养	40	326	10	-1	20	17	20	22017	1	-1	-1	904	905
50033	4	新人培养	40	326	50	-1	20	17	20	22017	1	-1	-1	906	907
50034	4	初级培养	40	326	100	-1	20	17	60	22017	2	-1	-1	908	909
50035	4	中级培养	40	326	500	-1	20	17	60	22017	2	-1	-1	910	911
50036	4	高级培养	40	326	1000	-1	20	17	80	22017	3	-1	-1	912	913
50037	4	达人培养	9999	-1	-1	-1	20	17	120	22017	3	-1	-1	914	915
50038	4	进阶培养	9999	-1	-1	-1	20	17	160	22017	4	-1	-1	916	917
50039	4	特级培养	9999	-1	-1	-1	20	17	220	22017	4	-1	-1	918	919
50040	4	神级培养	9999	-1	-1	-1	20	17	320	22017	5	-1	-1	920	921
50041	4	入门阵法	60	82	2	-1	20	17	40	7	100	-1	-1	934	935
50042	4	初级阵法	60	82	3	-1	20	17	60	7	150	-1	-1	936	937
50043	4	中级阵法	60	82	5	-1	20	17	60	7	200	-1	-1	938	939
50044	4	高级阵法	60	82	10	-1	20	17	80	7	250	-1	-1	940	941
50045	4	进阶阵法	60	82	20	-1	20	17	120	7	300	-1	-1	942	943
50046	4	特级阵法	60	82	30	-1	20	17	160	7	350	-1	-1	944	945
50047	4	神级阵法	60	82	40	-1	20	17	260	7	400	-1	-1	946	947
50048	4	初级灵兽	60	328	50	-1	20	17	20	7	100	-1	-1	948	949
50049	4	中级灵兽	60	328	100	-1	20	17	60	7	150	-1	-1	950	951
50050	4	高级灵兽	60	328	150	-1	20	17	120	7	200	-1	-1	952	953
50051	4	特级灵兽	60	328	200	-1	20	17	160	7	250	-1	-1	954	955
50052	4	神级灵兽	60	328	250	-1	20	17	320	7	300	-1	-1	956	957
50053	4	绝世灵兽	60	328	300	-1	20	17	480	7	350	-1	-1	1021	1022
50086	4	新人级合成	100	342	5	-1	20	17	120	22002	1	-1	-1	1405	1406
50087	4	初级合成	100	342	10	-1	20	17	160	22002	1	-1	-1	1407	1408
50088	4	中级合成	100	342	50	-1	20	17	160	22002	2	-1	-1	1409	1410
50089	4	高级合成	100	342	100	-1	20	17	220	22002	2	-1	-1	1411	1412
50090	4	达人级合成	100	342	200	-1	20	17	220	22002	3	-1	-1	1413	1414
50091	4	精英级合成	100	342	500	-1	20	17	220	22002	3	-1	-1	1415	1416
50092	4	专家级合成	100	342	1000	-1	20	17	260	22002	4	-1	-1	1417	1418
50093	4	大师级合成	9999	-1	-1	-1	20	17	260	22002	4	-1	-1	1419	1420
50094	4	宗师级合成	9999	-1	-1	-1	20	17	260	22002	5	-1	-1	1421	1422
50095	4	新人许愿	100	479	5	-1	20	17	40	2	20000	-1	-1	1443	1444
50096	4	初级许愿	100	479	10	-1	20	17	60	2	30000	-1	-1	1445	1446
50097	4	中级许愿	100	479	20	-1	20	17	60	2	30000	-1	-1	1447	1448
50098	4	高级许愿	100	479	50	-1	20	17	100	2	50000	-1	-1	1449	1450
50099	4	达人许愿	100	479	100	-1	20	17	120	2	60000	-1	-1	1451	1452
50100	4	精英许愿	100	479	200	-1	20	17	160	2	80000	-1	-1	1453	1454
50101	4	专家许愿	100	479	300	-1	20	17	220	2	110000	-1	-1	1455	1456
50102	4	大师许愿	100	479	500	-1	20	17	220	2	110000	-1	-1	1457	1458
50103	4	宗师许愿	100	479	1000	-1	20	17	320	2	160000	-1	-1	1459	1460
50104	4	新人幸运签	9999	-1	-1	-1	20	17	40	2	20000	-1	-1	1461	1462
50105	4	初级幸运签	9999	-1	-1	-1	20	17	60	2	30000	-1	-1	1463	1464
50106	4	中级幸运签	9999	-1	-1	-1	20	17	60	2	30000	-1	-1	1465	1466
50107	4	高级幸运签	9999	-1	-1	-1	20	17	100	2	50000	-1	-1	1467	1468
50108	4	达人幸运签	9999	-1	-1	-1	20	17	120	2	60000	-1	-1	1469	1470
50109	4	精英幸运签	9999	-1	-1	-1	20	17	160	2	80000	-1	-1	1471	1472
50110	4	专家幸运签	9999	-1	-1	-1	20	17	220	2	110000	-1	-1	1473	1474
50111	4	大师幸运签	9999	-1	-1	-1	20	17	220	2	110000	-1	-1	1475	1476
50112	4	宗师幸运签	9999	-1	-1	-1	20	17	320	2	160000	-1	-1	1477	1478
50113	6	新手加速	9999	-1	-1	-1	10	17	120	2	10000	-1	-1	1519	1520
50114	6	入门加速	9999	-1	-1	-1	10	17	120	2	10000	-1	-1	1521	1522
50115	6	初级加速	9999	-1	-1	-1	10	17	120	2	10000	-1	-1	1523	1524
50116	6	中级加速	9999	-1	-1	-1	10	17	160	2	15000	-1	-1	1525	1526
50117	6	高级加速	9999	-1	-1	-1	10	17	160	2	15000	-1	-1	1527	1528
50118	6	进阶加速	9999	-1	-1	-1	10	17	160	2	15000	-1	-1	1529	1530
50119	6	达人加速	9999	-1	-1	-1	10	17	220	2	20000	-1	-1	1531	1532
50120	6	特级加速	9999	-1	-1	-1	10	17	220	2	20000	-1	-1	1533	1534
50121	6	精英加速	9999	-1	-1	-1	10	17	260	2	25000	-1	-1	1535	1536
50122	6	超级加速	9999	-1	-1	-1	10	17	320	2	30000	-1	-1	1537	1538
60006	5	回收新手	60	327	10	-1	10	17	40	7	50	-1	-1	922	923
60007	5	回收达人	60	327	50	-1	10	17	60	7	50	-1	-1	924	925
60008	5	回收精英	60	327	100	-1	10	17	100	7	50	-1	-1	926	927
60009	5	回收专家	60	327	200	-1	10	17	120	7	50	-1	-1	928	929
60010	5	回收大师	60	327	500	-1	10	17	160	7	50	-1	-1	930	931
60011	5	回收宗师	9999	-1	-1	-1	10	17	220	7	50	-1	-1	932	933
60012	5	新手玩家	1	94	3	-1	10	17	40	2	20000	-1	-1	1549	1550
60013	5	达人玩家	1	94	7	-1	10	17	60	2	30000	-1	-1	1551	1552
60014	5	精英玩家	1	94	14	-1	10	17	100	2	50000	-1	-1	1553	1554
60015	5	专家玩家	1	94	30	-1	10	17	120	2	60000	-1	-1	1555	1556
60016	5	大师玩家	1	94	60	-1	10	17	160	2	80000	-1	-1	1557	1558
60017	5	宗师玩家	1	94	365	-1	10	17	320	2	160000	-1	-1	1559	1560
60018	5	天天向上新手	1	17	3	-1	20	17	40	2	20000	-1	-1	1561	1562
60019	5	天天向上达人	1	17	5	-1	20	17	60	2	30000	-1	-1	1563	1564
60020	5	天天向上精英	1	17	7	-1	20	17	100	2	50000	-1	-1	1565	1566
60021	5	天天向上专家	1	17	10	-1	20	17	120	2	60000	-1	-1	1567	1568
60022	5	天天向上大师	1	17	14	-1	20	17	160	2	80000	-1	-1	1569	1570
60023	5	天天向上宗师	1	17	30	-1	20	17	320	2	160000	-1	-1	1571	1572
60024	5	灵兽新手	1	87	3	-1	10	17	40	7	50	-1	-1	1573	1574
60025	5	灵兽达人	1	87	10	-1	10	17	60	7	50	-1	-1	1575	1576
60026	5	灵兽精英	1	87	20	-1	10	17	100	7	50	-1	-1	1577	1578
60027	5	灵兽专家	9999	-1	-1	-1	10	17	120	7	50	-1	-1	1579	1580
60028	5	灵兽大师	9999	-1	-1	-1	10	17	160	7	50	-1	-1	1581	1582
60029	5	灵兽宗师	9999	-1	-1	-1	10	17	220	7	50	-1	-1	1583	1584
60036	5	魔物志新手	1	88	5	-1	10	17	40	2	20000	-1	-1	1597	1598
60037	5	魔物志达人	1	88	10	-1	10	17	60	2	30000	-1	-1	1599	1600
60038	5	魔物志精英	1	88	20	-1	10	17	100	2	50000	-1	-1	1601	1602
60039	5	魔物志专家	1	88	50	-1	10	17	120	2	60000	-1	-1	1603	1604
60040	5	魔物志大师	9999	-1	-1	-1	10	17	160	2	80000	-1	-1	1605	1606
60041	5	魔物志宗师	9999	-1	-1	-1	10	17	220	2	110000	-1	-1	1607	1608
60042	5	组合新手	9999	-1	-1	-1	10	17	60	2	30000	-1	-1	1609	1610
60043	5	组合达人	9999	-1	-1	-1	10	17	80	2	40000	-1	-1	1611	1612
60044	5	组合精英	9999	-1	-1	-1	10	17	120	2	60000	-1	-1	1613	1614
60045	5	组合专家	9999	-1	-1	-1	10	17	160	2	80000	-1	-1	1615	1616
60046	5	组合大师	9999	-1	-1	-1	10	17	160	2	80000	-1	-1	1617	1618
60047	5	成就新人	1	686	300	-1	10	17	20	2	10000	-1	-1	1619	1620
60048	5	成就能手	1	686	500	-1	10	17	60	2	30000	-1	-1	1621	1622
60049	5	成就达人	1	686	1000	-1	10	17	60	2	30000	-1	-1	1623	1624
60050	5	成就精英	1	686	1500	-1	10	17	80	2	40000	-1	-1	1625	1626
60051	5	成就专家	1	686	2000	-1	10	17	120	2	60000	-1	-1	1627	1628
60052	5	成就大师	1	686	2500	-1	10	17	160	2	80000	-1	-1	1629	1630
60053	5	成就宗师	1	686	3000	-1	10	17	220	2	110000	-1	-1	1631	1632
60054	5	成就神话	1	686	3500	-1	10	17	320	2	160000	-1	-1	1633	1634
60055	5	三五好友	1	44	5	-1	10	17	20	2	10000	-1	-1	1635	1636
60056	5	好友小队	1	44	10	-1	10	17	60	2	30000	-1	-1	1637	1638
60057	5	好友众多	1	44	20	-1	10	17	80	2	40000	-1	-1	1639	1640
60058	5	好友组团	1	44	30	-1	10	17	120	2	60000	-1	-1	1641	1642
60059	5	遍地好友	1	44	50	-1	10	17	260	2	130000	-1	-1	1643	1644
60060	5	组合宗师	1	347	15	-1	10	17	220	2	110000	-1	-1	1780	1779
80000	7	2级战盟	50	379	2	-1	10	17	40	2	20000	-1	-1	958	959
80001	7	3级战盟	50	379	3	-1	10	17	60	2	30000	-1	-1	960	961
80002	7	4级战盟	50	379	4	-1	10	17	80	2	40000	-1	-1	962	963
80003	7	5级战盟	50	379	5	-1	10	17	120	2	60000	-1	-1	964	965
80004	7	6级战盟	50	379	6	-1	10	17	160	2	80000	-1	-1	966	967
80005	7	7级战盟	50	379	7	-1	10	17	320	2	160000	-1	-1	968	969
80006	7	8级战盟	50	379	8	-1	10	17	320	2	160000	-1	-1	970	971
80007	7	黑铁成员	100	329	5	-1	10	17	40	2	20000	-1	-1	974	975
80008	7	青铜成员	100	329	10	-1	10	17	40	2	20000	-1	-1	976	977
80009	7	白银成员	100	329	50	-1	10	17	60	2	30000	-1	-1	978	979
80010	7	黄金成员	100	329	99	-1	10	17	60	2	30000	-1	-1	980	981
80011	7	水晶成员	100	329	500	-1	10	17	80	2	40000	-1	-1	982	983
80012	7	钻石成员	9999	-1	-1	-1	10	17	120	2	60000	-1	-1	984	985
80013	7	皇冠成员	9999	-1	-1	-1	10	17	160	2	80000	-1	-1	986	987
80014	7	超级成员	9999	-1	-1	-1	10	17	220	2	110000	-1	-1	988	989
80015	7	新人老板	9999	-1	5	-1	10	17	80	2	40000	-1	-1	1347	1348
80016	7	黑铁老板	9999	-1	10	-1	10	17	80	2	40000	-1	-1	1349	1350
80017	7	青铜老板	9999	-1	20	-1	10	17	100	2	50000	-1	-1	1351	1352
80018	7	白银老板	9999	-1	50	-1	10	17	100	2	50000	-1	-1	1353	1354
80019	7	黄金老板	9999	-1	100	-1	10	17	120	2	60000	-1	-1	1355	1356
80020	7	水晶老板	9999	-1	200	-1	10	17	160	2	80000	-1	-1	1357	1358
80021	7	钻石老板	9999	-1	300	-1	10	17	160	2	80000	-1	-1	1359	1360
80022	7	皇冠老板	9999	-1	500	-1	10	17	220	2	110000	-1	-1	1361	1362
80023	7	超级老板	9999	-1	1000	-1	10	17	260	2	130000	-1	-1	1363	1364
80024	7	神级老板	9999	-1	2000	-1	10	17	320	2	160000	-1	-1	1365	1366
80025	7	新人买家	9999	-1	-1	-1	10	17	80	2	40000	-1	-1	1367	1368
80026	7	黑铁买家	9999	-1	10	-1	10	17	80	2	40000	-1	-1	1369	1370
80027	7	青铜买家	9999	-1	20	-1	10	17	100	2	50000	-1	-1	1371	1372
80028	7	白银买家	9999	-1	50	-1	10	17	120	2	60000	-1	-1	1373	1374
80029	7	黄金买家	9999	-1	100	-1	10	17	120	2	60000	-1	-1	1375	1376
80030	7	水晶买家	9999	-1	200	-1	10	17	160	2	80000	-1	-1	1377	1378
80031	7	钻石买家	9999	-1	300	-1	10	17	220	2	110000	-1	-1	1379	1380
80032	7	皇冠买家	9999	-1	500	-1	10	17	220	2	110000	-1	-1	1381	1382
80033	7	超级买家	9999	-1	1000	-1	10	17	320	2	160000	-1	-1	1383	1384
90009	8	新手竞技	100	49	10	-1	20	17	60	2	30000	-1	-1	1259	1260
90010	8	勇者竞技	100	49	50	-1	20	17	60	2	30000	-1	-1	1261	1262
90011	8	先锋竞技	100	49	100	-1	20	17	60	2	30000	-1	-1	1263	1264
90012	8	精英竞技	100	49	500	-1	20	17	60	2	30000	-1	-1	1265	1266
90013	8	统领竞技	9999	-1	-1	-1	20	17	80	2	40000	-1	-1	1267	1268
90014	8	领袖竞技	9999	-1	-1	-1	10	17	80	2	40000	-1	-1	1269	1270
90015	8	神绶竞技	9999	-1	-1	-1	10	17	120	2	60000	-1	-1	1271	1272
90016	8	守护竞技	9999	-1	-1	-1	10	17	220	2	110000	-1	-1	1273	1274
90017	8	白手起家	1	48	1000000	-1	10	17	20	2	10000	-1	-1	1657	1658
90018	8	一心赚钱	1	48	5000000	-1	10	17	20	2	10000	-1	-1	1659	1660
90019	8	小有财富	1	48	10000000	-1	10	17	20	2	10000	-1	-1	1661	1662
90020	8	晋升土豪	1	48	50000000	-1	10	17	20	2	10000	-1	-1	1663	1664
90021	8	财富上榜	1	48	100000000	-1	10	17	60	2	30000	-1	-1	1665	1666
90022	8	一方富豪	9999	-1	-1	-1	10	17	100	2	50000	-1	-1	1667	1668
90023	8	定个小目标	9999	-1	-1	-1	10	17	160	2	80000	-1	-1	1669	1670
90024	8	钻石新人	1	95	500	-1	10	17	20	2	10000	-1	-1	1671	1672
90025	8	钻石达人	1	95	1000	-1	10	17	20	2	10000	-1	-1	1673	1674
90026	8	钻石精英	1	95	2000	-1	10	17	60	2	30000	-1	-1	1675	1676
90027	8	钻石专家	1	95	5000	-1	10	17	100	2	50000	-1	-1	1677	1678
90028	8	钻石王者	1	95	88888	-1	10	17	160	2	80000	-1	-1	1679	1680
90029	8	竞技场角斗士	1	49	10	-1	10	17	60	2	30000	-1	-1	1681	1682
90030	8	竞技场精英	1	49	100	-1	10	17	80	2	40000	-1	-1	1683	1684
90031	8	竞技场大师	1	49	500	-1	10	17	120	2	60000	-1	-1	1685	1686
90032	8	竞技场宗师	1	49	1000	-1	10	17	160	2	80000	-1	-1	1687	1688
90033	8	竞技场挑战王	1	49	5000	-1	10	17	220	2	110000	-1	-1	1689	1690
100000	9	霉运达人	1	85	99	-1	10	17	20	22000	1	-1	-1	834	835
100001	9	霉运精英	1	85	30	-1	10	17	20	22000	2	-1	-1	836	837
100002	9	霉运专家	1	85	50	-1	10	17	20	22000	3	-1	-1	838	839
100003	9	霉运大师	1	85	100	-1	10	17	40	22000	4	-1	-1	840	841
100005	8	手留余香	30	598	1	-1	10	17	20	20401	1	-1	-1	2273	2272
100006	8	香气四溢	30	598	10	-1	10	17	50	20402	1	-1	-1	2275	2274
100007	8	山花烂漫	30	598	99	-1	10	17	100	20403	1	-1	-1	2277	2276
100008	8	倾国倾城	30	598	666	-1	15	17	200	20404	1	-1	-1	2279	2278
100009	8	花神下凡	30	598	999	-1	20	17	300	20405	1	-1	-1	2281	2280
400008	3	除魔神坻	9999	-1	100000	-1	10	17	320	2	90000	-1	-1	2126	2125
400009	3	除魔神坻	1	45	150000	-1	10	17	360	2	100000	-1	-1	2128	2127
400010	3	除魔神坻	1	45	200000	-1	10	17	400	2	110000	-1	-1	2130	2129
400011	3	除魔神坻	1	45	250000	-1	10	17	440	2	120000	-1	-1	2132	2131
400012	3	除魔神坻	1	45	300000	-1	10	17	480	2	130000	-1	-1	2134	2133
400013	3	除魔神坻	1	45	350000	-1	10	17	520	2	140000	-1	-1	2136	2135
400014	3	除魔神坻	1	45	400000	-1	10	17	560	2	150000	-1	-1	2138	2137
400015	3	除魔神坻	1	45	450000	-1	10	17	600	2	160000	-1	-1	2140	2139
400016	3	除魔神坻	1	45	500000	-1	10	17	640	2	170000	-1	-1	2142	2141
400017	3	除魔神坻	1	45	600000	-1	10	17	680	2	180000	-1	-1	2144	2143
400018	3	除魔神坻	1	45	800000	-1	10	17	720	2	190000	-1	-1	2146	2145
400019	3	除魔神坻	1	45	1000000	-1	10	17	760	2	200000	-1	-1	2148	2147
410000	3	累计消费金币1	1	83	1000000	-1	20	17	20	2	10000	-1	-1	2200	2201
410001	3	累计消费金币2	1	83	5000000	-1	20	17	40	2	20000	-1	-1	2202	2203
410002	3	累计消费金币3	1	83	10000000	-1	20	17	80	2	30000	-1	-1	2204	2205
410003	3	累计消费金币4	1	83	50000000	-1	20	17	120	2	40000	-1	-1	2206	2207
410004	3	累计消费金币5	1	83	100000000	-1	20	17	160	2	50000	-1	-1	2208	2209
410005	3	累计消费金币6	1	83	200000000	-1	20	17	200	2	60000	-1	-1	2210	2211
410006	3	累计消费金币7	1	83	500000000	-1	20	17	240	2	70000	-1	-1	2212	2213
410007	3	累计消费金币8	9999	-1	-1	-1	10	17	280	2	80000	-1	-1	2214	2215
410008	3	累计消费金币9	9999	-1	-1	-1	10	17	320	2	90000	-1	-1	2216	2217
410009	3	累计消费金币10	9999	-1	-1	-1	10	17	360	2	100000	-1	-1	2218	2219
410010	3	累计消费金币11	9999	-1	-1	-1	10	17	400	2	110000	-1	-1	2220	2221
410011	3	累计消费金币12	9999	-1	-1	-1	10	17	440	2	120000	-1	-1	2222	2223
420000	3	一掷千金1	1	84	100	-1	20	17	20	2	100000	-1	-1	2224	2225
420001	3	一掷千金2	1	84	300	-1	20	17	40	2	200000	-1	-1	2226	2227
420002	3	一掷千金3	1	84	500	-1	20	17	80	2	300000	-1	-1	2228	2229
420003	3	一掷千金4	1	84	1000	-1	20	17	120	2	400000	-1	-1	2230	2231
420004	3	一掷千金5	1	84	1500	-1	20	17	160	2	500000	-1	-1	2232	2233
420005	3	一掷千金6	1	84	2000	-1	20	17	200	2	600000	-1	-1	2234	2235
420006	3	一掷千金7	1	84	3000	-1	20	17	240	2	700000	-1	-1	2236	2237
420007	3	一掷千金8	1	84	5000	-1	20	17	280	2	800000	-1	-1	2238	2239
420008	3	一掷千金9	1	84	10000	-1	20	17	320	2	900000	-1	-1	2240	2241
420009	3	一掷千金10	1	84	20000	-1	20	17	360	2	1000000	-1	-1	2242	2243
420010	3	一掷千金11	1	84	30000	-1	20	17	400	2	1100000	-1	-1	2244	2245
420011	3	一掷千金12	1	84	40000	-1	20	17	440	2	1200000	-1	-1	2246	2247
420012	3	一掷千金13	1	84	50000	-1	20	17	480	2	1300000	-1	-1	2248	2249
420013	3	一掷千金14	1	84	100000	-1	20	17	520	2	1400000	-1	-1	2250	2251
420014	3	一掷千金15	1	84	150000	-1	20	17	560	2	1500000	-1	-1	2252	2253
420015	3	一掷千金16	1	84	200000	-1	20	17	600	2	1600000	-1	-1	2254	2255
420016	3	一掷千金17	1	84	300000	-1	20	17	640	2	1700000	-1	-1	2256	2257
420017	3	一掷千金18	1	84	500000	-1	20	17	680	2	1800000	-1	-1	2258	2259
420018	3	一掷千金19	1	84	1000000	-1	20	17	720	2	1900000	-1	-1	2260	2261
420019	3	一掷千金20	1	84	1500000	-1	20	17	760	2	2000000	-1	-1	2262	2263
420020	3	一掷千金21	1	84	2000000	-1	20	17	800	2	2100000	-1	-1	2264	2265
420021	3	一掷千金22	1	84	3000000	-1	20	17	840	2	2200000	-1	-1	2266	2267
420022	3	一掷千金23	1	84	5000000	-1	20	17	880	2	2300000	-1	-1	2268	2269
420023	3	一掷千金24	1	84	10000000	-1	20	17	920	2	2400000	-1	-1	2270	2271
