INT	INT	INT	INT	INT	INT	INT	INT	INT	INT	INT	INT	INT	INT	INT	INT	INT	INT	INT	INT	INT	INT	INT	INT	INT	INT	INT
索引ID	位标示为真	位标示为假	扩展计数1	最小值	最大值	扩展计数2	最小值	最大值	扩展计数3	最小值	最大值	扩展计数4	最小值	最大值	物品1ID	最小值	最大值	物品2ID	最小值	最大值	物品3ID	最小值	最大值	物品4ID	最小值	最大值
0	-1	-1	-1	-1	-1	-1	-1	-1	-1	-1	-1	-1	-1	-1	0	1	3	-1	-1	-1	-1	-1	-1	-1	-1	-1
1	0	-1	-1	-1	-1	-1	-1	-1	-1	-1	-1	-1	-1	-1	0	1	3	-1	-1	-1	-1	-1	-1	-1	-1	-1
2	1	-1	-1	-1	-1	-1	-1	-1	-1	-1	-1	-1	-1	-1	0	1	3	-1	-1	-1	-1	-1	-1	-1	-1	-1
3	2	-1	-1	-1	-1	-1	-1	-1	-1	-1	-1	-1	-1	-1	0	1	3	-1	-1	-1	-1	-1	-1	-1	-1	-1
4	3	-1	-1	-1	-1	-1	-1	-1	-1	-1	-1	-1	-1	-1	0	1	3	-1	-1	-1	-1	-1	-1	-1	-1	-1
5	4	-1	-1	-1	-1	-1	-1	-1	-1	-1	-1	-1	-1	-1	0	1	3	-1	-1	-1	-1	-1	-1	-1	-1	-1
6	5	-1	-1	-1	-1	-1	-1	-1	-1	-1	-1	-1	-1	-1	0	1	3	-1	-1	-1	-1	-1	-1	-1	-1	-1
7	6	-1	-1	-1	-1	-1	-1	-1	-1	-1	-1	-1	-1	-1	0	1	3	-1	-1	-1	-1	-1	-1	-1	-1	-1
8	7	-1	-1	-1	-1	-1	-1	-1	-1	-1	-1	-1	-1	-1	0	1	3	-1	-1	-1	-1	-1	-1	-1	-1	-1
9	8	-1	-1	-1	-1	-1	-1	-1	-1	-1	-1	-1	-1	-1	0	1	3	-1	-1	-1	-1	-1	-1	-1	-1	-1
10	9	-1	-1	-1	-1	-1	-1	-1	-1	-1	-1	-1	-1	-1	0	1	3	-1	-1	-1	-1	-1	-1	-1	-1	-1
11	10	-1	-1	-1	-1	-1	-1	-1	-1	-1	-1	-1	-1	-1	0	1	3	-1	-1	-1	-1	-1	-1	-1	-1	-1
12	11	-1	-1	-1	-1	-1	-1	-1	-1	-1	-1	-1	-1	-1	0	1	3	-1	-1	-1	-1	-1	-1	-1	-1	-1
13	12	-1	-1	-1	-1	-1	-1	-1	-1	-1	-1	-1	-1	-1	0	1	3	-1	-1	-1	-1	-1	-1	-1	-1	-1
14	13	-1	-1	-1	-1	-1	-1	-1	-1	-1	-1	-1	-1	-1	0	1	3	-1	-1	-1	-1	-1	-1	-1	-1	-1
15	14	-1	-1	-1	-1	-1	-1	-1	-1	-1	-1	-1	-1	-1	0	1	3	-1	-1	-1	-1	-1	-1	-1	-1	-1
16	15	-1	-1	-1	-1	-1	-1	-1	-1	-1	-1	-1	-1	-1	0	1	3	-1	-1	-1	-1	-1	-1	-1	-1	-1
17	16	-1	-1	-1	-1	-1	-1	-1	-1	-1	-1	-1	-1	-1	0	1	3	-1	-1	-1	-1	-1	-1	-1	-1	-1
18	17	-1	-1	-1	-1	-1	-1	-1	-1	-1	-1	-1	-1	-1	0	1	3	-1	-1	-1	-1	-1	-1	-1	-1	-1
19	18	-1	-1	-1	-1	-1	-1	-1	-1	-1	-1	-1	-1	-1	0	1	3	-1	-1	-1	-1	-1	-1	-1	-1	-1
20	19	-1	-1	-1	-1	-1	-1	-1	-1	-1	-1	-1	-1	-1	0	1	3	-1	-1	-1	-1	-1	-1	-1	-1	-1
21	20	-1	-1	-1	-1	-1	-1	-1	-1	-1	-1	-1	-1	-1	0	1	3	-1	-1	-1	-1	-1	-1	-1	-1	-1
22	21	-1	-1	-1	-1	-1	-1	-1	-1	-1	-1	-1	-1	-1	0	1	3	-1	-1	-1	-1	-1	-1	-1	-1	-1
23	22	-1	-1	-1	-1	-1	-1	-1	-1	-1	-1	-1	-1	-1	0	1	3	-1	-1	-1	-1	-1	-1	-1	-1	-1
24	23	-1	-1	-1	-1	-1	-1	-1	-1	-1	-1	-1	-1	-1	0	1	3	-1	-1	-1	-1	-1	-1	-1	-1	-1
25	24	-1	-1	-1	-1	-1	-1	-1	-1	-1	-1	-1	-1	-1	0	1	3	-1	-1	-1	-1	-1	-1	-1	-1	-1
26	25	-1	-1	-1	-1	-1	-1	-1	-1	-1	-1	-1	-1	-1	0	1	3	-1	-1	-1	-1	-1	-1	-1	-1	-1
27	26	-1	-1	-1	-1	-1	-1	-1	-1	-1	-1	-1	-1	-1	0	1	3	-1	-1	-1	-1	-1	-1	-1	-1	-1
28	27	-1	-1	-1	-1	-1	-1	-1	-1	-1	-1	-1	-1	-1	0	1	3	-1	-1	-1	-1	-1	-1	-1	-1	-1
29	28	-1	-1	-1	-1	-1	-1	-1	-1	-1	-1	-1	-1	-1	0	1	3	-1	-1	-1	-1	-1	-1	-1	-1	-1
30	29	-1	-1	-1	-1	-1	-1	-1	-1	-1	-1	-1	-1	-1	0	1	3	-1	-1	-1	-1	-1	-1	-1	-1	-1
31	30	-1	-1	-1	-1	-1	-1	-1	-1	-1	-1	-1	-1	-1	0	1	3	-1	-1	-1	-1	-1	-1	-1	-1	-1
32	31	-1	-1	-1	-1	-1	-1	-1	-1	-1	-1	-1	-1	-1	0	1	3	-1	-1	-1	-1	-1	-1	-1	-1	-1
33	32	-1	-1	-1	-1	-1	-1	-1	-1	-1	-1	-1	-1	-1	0	1	3	-1	-1	-1	-1	-1	-1	-1	-1	-1
34	33	-1	-1	-1	-1	-1	-1	-1	-1	-1	-1	-1	-1	-1	0	1	3	-1	-1	-1	-1	-1	-1	-1	-1	-1
35	34	-1	-1	-1	-1	-1	-1	-1	-1	-1	-1	-1	-1	-1	0	1	3	-1	-1	-1	-1	-1	-1	-1	-1	-1
36	35	-1	-1	-1	-1	-1	-1	-1	-1	-1	-1	-1	-1	-1	0	1	3	-1	-1	-1	-1	-1	-1	-1	-1	-1
37	36	-1	-1	-1	-1	-1	-1	-1	-1	-1	-1	-1	-1	-1	0	1	3	-1	-1	-1	-1	-1	-1	-1	-1	-1
38	37	-1	-1	-1	-1	-1	-1	-1	-1	-1	-1	-1	-1	-1	0	1	3	-1	-1	-1	-1	-1	-1	-1	-1	-1
39	38	-1	-1	-1	-1	-1	-1	-1	-1	-1	-1	-1	-1	-1	0	1	3	-1	-1	-1	-1	-1	-1	-1	-1	-1
40	39	-1	-1	-1	-1	-1	-1	-1	-1	-1	-1	-1	-1	-1	0	1	3	-1	-1	-1	-1	-1	-1	-1	-1	-1
41	40	-1	-1	-1	-1	-1	-1	-1	-1	-1	-1	-1	-1	-1	0	1	3	-1	-1	-1	-1	-1	-1	-1	-1	-1
42	41	-1	-1	-1	-1	-1	-1	-1	-1	-1	-1	-1	-1	-1	0	1	3	-1	-1	-1	-1	-1	-1	-1	-1	-1
43	42	-1	-1	-1	-1	-1	-1	-1	-1	-1	-1	-1	-1	-1	0	1	3	-1	-1	-1	-1	-1	-1	-1	-1	-1
44	43	-1	-1	-1	-1	-1	-1	-1	-1	-1	-1	-1	-1	-1	0	1	3	-1	-1	-1	-1	-1	-1	-1	-1	-1
45	44	-1	-1	-1	-1	-1	-1	-1	-1	-1	-1	-1	-1	-1	0	1	3	-1	-1	-1	-1	-1	-1	-1	-1	-1
46	45	-1	-1	-1	-1	-1	-1	-1	-1	-1	-1	-1	-1	-1	0	1	3	-1	-1	-1	-1	-1	-1	-1	-1	-1
47	46	-1	-1	-1	-1	-1	-1	-1	-1	-1	-1	-1	-1	-1	0	1	3	-1	-1	-1	-1	-1	-1	-1	-1	-1
48	47	-1	-1	-1	-1	-1	-1	-1	-1	-1	-1	-1	-1	-1	0	1	3	-1	-1	-1	-1	-1	-1	-1	-1	-1
49	-1	49	-1	-1	-1	-1	-1	-1	-1	-1	-1	-1	-1	-1	0	10	10	-1	-1	-1	-1	-1	-1	-1	-1	-1
50	-1	50	-1	-1	-1	-1	-1	-1	-1	-1	-1	-1	-1	-1	0	10	10	-1	-1	-1	-1	-1	-1	-1	-1	-1
