INT	INT	INT	INT	INT	INT	INT	INT	INT	INT	INT	INT	INT	INT	INT	INT	INT	INT	INT	INT	INT
ID	材料1	材料1数量	材料2	材料2数量	材料3	材料3数量	材料4	材料4数量	材料5	材料5数量	材料6	材料6数量	材料7	材料7数量	材料8	材料8数量	材料9	材料9数量	材料10	材料10数量
1	7	200	40000	1	-1	0	-1	0	-1	0	-1	0	-1	0	-1	0	-1	0	-1	0
2	7	400	40000	1	-1	0	-1	0	-1	0	-1	0	-1	0	-1	0	-1	0	-1	0
3	7	800	40000	2	-1	0	-1	0	-1	0	-1	0	-1	0	-1	0	-1	0	-1	0
4	7	1600	40000	2	-1	0	-1	0	-1	0	-1	0	-1	0	-1	0	-1	0	-1	0
5	7	3200	40000	3	-1	0	-1	0	-1	0	-1	0	-1	0	-1	0	-1	0	-1	0
6	7	200	40001	1	-1	0	-1	0	-1	0	-1	0	-1	0	-1	0	-1	0	-1	0
7	7	400	40001	1	-1	0	-1	0	-1	0	-1	0	-1	0	-1	0	-1	0	-1	0
8	7	800	40001	2	-1	0	-1	0	-1	0	-1	0	-1	0	-1	0	-1	0	-1	0
9	7	1600	40001	2	-1	0	-1	0	-1	0	-1	0	-1	0	-1	0	-1	0	-1	0
10	7	3200	40001	3	-1	0	-1	0	-1	0	-1	0	-1	0	-1	0	-1	0	-1	0
11	7	200	40002	1	-1	0	-1	0	-1	0	-1	0	-1	0	-1	0	-1	0	-1	0
12	7	400	40002	1	-1	0	-1	0	-1	0	-1	0	-1	0	-1	0	-1	0	-1	0
13	7	800	40002	2	-1	0	-1	0	-1	0	-1	0	-1	0	-1	0	-1	0	-1	0
14	7	1600	40002	2	-1	0	-1	0	-1	0	-1	0	-1	0	-1	0	-1	0	-1	0
15	7	3200	40002	3	-1	0	-1	0	-1	0	-1	0	-1	0	-1	0	-1	0	-1	0
16	7	400	40100	1	-1	0	-1	0	-1	0	-1	0	-1	0	-1	0	-1	0	-1	0
17	7	800	40100	1	-1	0	-1	0	-1	0	-1	0	-1	0	-1	0	-1	0	-1	0
18	7	1600	40100	2	-1	0	-1	0	-1	0	-1	0	-1	0	-1	0	-1	0	-1	0
19	7	3200	40100	2	-1	0	-1	0	-1	0	-1	0	-1	0	-1	0	-1	0	-1	0
20	7	6400	40100	3	-1	0	-1	0	-1	0	-1	0	-1	0	-1	0	-1	0	-1	0
21	7	400	40101	1	-1	0	-1	0	-1	0	-1	0	-1	0	-1	0	-1	0	-1	0
22	7	800	40101	1	-1	0	-1	0	-1	0	-1	0	-1	0	-1	0	-1	0	-1	0
23	7	1600	40101	2	-1	0	-1	0	-1	0	-1	0	-1	0	-1	0	-1	0	-1	0
24	7	3200	40101	2	-1	0	-1	0	-1	0	-1	0	-1	0	-1	0	-1	0	-1	0
25	7	6400	40101	3	-1	0	-1	0	-1	0	-1	0	-1	0	-1	0	-1	0	-1	0
26	7	400	40102	1	-1	0	-1	0	-1	0	-1	0	-1	0	-1	0	-1	0	-1	0
27	7	800	40102	1	-1	0	-1	0	-1	0	-1	0	-1	0	-1	0	-1	0	-1	0
28	7	1600	40102	2	-1	0	-1	0	-1	0	-1	0	-1	0	-1	0	-1	0	-1	0
29	7	3200	40102	2	-1	0	-1	0	-1	0	-1	0	-1	0	-1	0	-1	0	-1	0
30	7	6400	40102	3	-1	0	-1	0	-1	0	-1	0	-1	0	-1	0	-1	0	-1	0
31	7	400	40103	1	-1	0	-1	0	-1	0	-1	0	-1	0	-1	0	-1	0	-1	0
32	7	800	40103	1	-1	0	-1	0	-1	0	-1	0	-1	0	-1	0	-1	0	-1	0
33	7	1600	40103	2	-1	0	-1	0	-1	0	-1	0	-1	0	-1	0	-1	0	-1	0
34	7	3200	40103	2	-1	0	-1	0	-1	0	-1	0	-1	0	-1	0	-1	0	-1	0
35	7	6400	40103	3	-1	0	-1	0	-1	0	-1	0	-1	0	-1	0	-1	0	-1	0
36	7	400	40104	1	-1	0	-1	0	-1	0	-1	0	-1	0	-1	0	-1	0	-1	0
37	7	800	40104	1	-1	0	-1	0	-1	0	-1	0	-1	0	-1	0	-1	0	-1	0
38	7	1600	40104	2	-1	0	-1	0	-1	0	-1	0	-1	0	-1	0	-1	0	-1	0
39	7	3200	40104	2	-1	0	-1	0	-1	0	-1	0	-1	0	-1	0	-1	0	-1	0
40	7	6400	40104	3	-1	0	-1	0	-1	0	-1	0	-1	0	-1	0	-1	0	-1	0
41	7	400	40105	1	-1	0	-1	0	-1	0	-1	0	-1	0	-1	0	-1	0	-1	0
42	7	800	40105	1	-1	0	-1	0	-1	0	-1	0	-1	0	-1	0	-1	0	-1	0
43	7	1600	40105	2	-1	0	-1	0	-1	0	-1	0	-1	0	-1	0	-1	0	-1	0
44	7	3200	40105	2	-1	0	-1	0	-1	0	-1	0	-1	0	-1	0	-1	0	-1	0
45	7	6400	40105	3	-1	0	-1	0	-1	0	-1	0	-1	0	-1	0	-1	0	-1	0
46	7	600	40200	1	-1	0	-1	0	-1	0	-1	0	-1	0	-1	0	-1	0	-1	0
47	7	1200	40200	1	-1	0	-1	0	-1	0	-1	0	-1	0	-1	0	-1	0	-1	0
48	7	2400	40200	2	-1	0	-1	0	-1	0	-1	0	-1	0	-1	0	-1	0	-1	0
49	7	4800	40200	2	-1	0	-1	0	-1	0	-1	0	-1	0	-1	0	-1	0	-1	0
50	7	9600	40200	3	-1	0	-1	0	-1	0	-1	0	-1	0	-1	0	-1	0	-1	0
51	7	600	40201	1	-1	0	-1	0	-1	0	-1	0	-1	0	-1	0	-1	0	-1	0
52	7	1200	40201	1	-1	0	-1	0	-1	0	-1	0	-1	0	-1	0	-1	0	-1	0
53	7	2400	40201	2	-1	0	-1	0	-1	0	-1	0	-1	0	-1	0	-1	0	-1	0
54	7	4800	40201	2	-1	0	-1	0	-1	0	-1	0	-1	0	-1	0	-1	0	-1	0
55	7	9600	40201	3	-1	0	-1	0	-1	0	-1	0	-1	0	-1	0	-1	0	-1	0
56	7	600	40202	1	-1	0	-1	0	-1	0	-1	0	-1	0	-1	0	-1	0	-1	0
57	7	1200	40202	1	-1	0	-1	0	-1	0	-1	0	-1	0	-1	0	-1	0	-1	0
58	7	2400	40202	2	-1	0	-1	0	-1	0	-1	0	-1	0	-1	0	-1	0	-1	0
59	7	4800	40202	2	-1	0	-1	0	-1	0	-1	0	-1	0	-1	0	-1	0	-1	0
60	7	9600	40202	3	-1	0	-1	0	-1	0	-1	0	-1	0	-1	0	-1	0	-1	0
61	7	600	40203	1	-1	0	-1	0	-1	0	-1	0	-1	0	-1	0	-1	0	-1	0
62	7	1200	40203	1	-1	0	-1	0	-1	0	-1	0	-1	0	-1	0	-1	0	-1	0
63	7	2400	40203	2	-1	0	-1	0	-1	0	-1	0	-1	0	-1	0	-1	0	-1	0
64	7	4800	40203	2	-1	0	-1	0	-1	0	-1	0	-1	0	-1	0	-1	0	-1	0
65	7	9600	40203	3	-1	0	-1	0	-1	0	-1	0	-1	0	-1	0	-1	0	-1	0
66	7	600	40204	1	-1	0	-1	0	-1	0	-1	0	-1	0	-1	0	-1	0	-1	0
67	7	1200	40204	1	-1	0	-1	0	-1	0	-1	0	-1	0	-1	0	-1	0	-1	0
68	7	2400	40204	2	-1	0	-1	0	-1	0	-1	0	-1	0	-1	0	-1	0	-1	0
69	7	4800	40204	2	-1	0	-1	0	-1	0	-1	0	-1	0	-1	0	-1	0	-1	0
70	7	9600	40204	3	-1	0	-1	0	-1	0	-1	0	-1	0	-1	0	-1	0	-1	0
71	7	600	40205	1	-1	0	-1	0	-1	0	-1	0	-1	0	-1	0	-1	0	-1	0
72	7	1200	40205	1	-1	0	-1	0	-1	0	-1	0	-1	0	-1	0	-1	0	-1	0
73	7	2400	40205	2	-1	0	-1	0	-1	0	-1	0	-1	0	-1	0	-1	0	-1	0
74	7	4800	40205	2	-1	0	-1	0	-1	0	-1	0	-1	0	-1	0	-1	0	-1	0
75	7	9600	40205	3	-1	0	-1	0	-1	0	-1	0	-1	0	-1	0	-1	0	-1	0
76	7	600	40206	1	-1	0	-1	0	-1	0	-1	0	-1	0	-1	0	-1	0	-1	0
77	7	1200	40206	1	-1	0	-1	0	-1	0	-1	0	-1	0	-1	0	-1	0	-1	0
78	7	2400	40206	2	-1	0	-1	0	-1	0	-1	0	-1	0	-1	0	-1	0	-1	0
79	7	4800	40206	2	-1	0	-1	0	-1	0	-1	0	-1	0	-1	0	-1	0	-1	0
80	7	9600	40206	3	-1	0	-1	0	-1	0	-1	0	-1	0	-1	0	-1	0	-1	0
81	7	600	40207	1	-1	0	-1	0	-1	0	-1	0	-1	0	-1	0	-1	0	-1	0
82	7	1200	40207	1	-1	0	-1	0	-1	0	-1	0	-1	0	-1	0	-1	0	-1	0
83	7	2400	40207	2	-1	0	-1	0	-1	0	-1	0	-1	0	-1	0	-1	0	-1	0
84	7	4800	40207	2	-1	0	-1	0	-1	0	-1	0	-1	0	-1	0	-1	0	-1	0
85	7	9600	40207	3	-1	0	-1	0	-1	0	-1	0	-1	0	-1	0	-1	0	-1	0
86	7	800	40300	1	-1	0	-1	0	-1	0	-1	0	-1	0	-1	0	-1	0	-1	0
87	7	1600	40300	1	-1	0	-1	0	-1	0	-1	0	-1	0	-1	0	-1	0	-1	0
88	7	3200	40300	2	-1	0	-1	0	-1	0	-1	0	-1	0	-1	0	-1	0	-1	0
89	7	6400	40300	2	-1	0	-1	0	-1	0	-1	0	-1	0	-1	0	-1	0	-1	0
90	7	12800	40300	3	-1	0	-1	0	-1	0	-1	0	-1	0	-1	0	-1	0	-1	0
91	7	200	40300	1	-1	0	-1	0	-1	0	-1	0	-1	0	-1	0	-1	0	-1	0
92	7	400	40300	1	-1	0	-1	0	-1	0	-1	0	-1	0	-1	0	-1	0	-1	0
93	7	800	40300	2	-1	0	-1	0	-1	0	-1	0	-1	0	-1	0	-1	0	-1	0
94	7	1600	40300	2	-1	0	-1	0	-1	0	-1	0	-1	0	-1	0	-1	0	-1	0
95	7	3200	40300	3	-1	0	-1	0	-1	0	-1	0	-1	0	-1	0	-1	0	-1	0
96	7	200	40300	1	-1	0	-1	0	-1	0	-1	0	-1	0	-1	0	-1	0	-1	0
97	7	400	40300	1	-1	0	-1	0	-1	0	-1	0	-1	0	-1	0	-1	0	-1	0
98	7	800	40300	2	-1	0	-1	0	-1	0	-1	0	-1	0	-1	0	-1	0	-1	0
99	7	1600	40300	2	-1	0	-1	0	-1	0	-1	0	-1	0	-1	0	-1	0	-1	0
100	7	3200	40300	3	-1	0	-1	0	-1	0	-1	0	-1	0	-1	0	-1	0	-1	0
101	7	200	40300	1	-1	0	-1	0	-1	0	-1	0	-1	0	-1	0	-1	0	-1	0
102	7	400	40300	1	-1	0	-1	0	-1	0	-1	0	-1	0	-1	0	-1	0	-1	0
103	7	800	40300	2	-1	0	-1	0	-1	0	-1	0	-1	0	-1	0	-1	0	-1	0
104	7	1600	40300	2	-1	0	-1	0	-1	0	-1	0	-1	0	-1	0	-1	0	-1	0
105	7	3200	40300	3	-1	0	-1	0	-1	0	-1	0	-1	0	-1	0	-1	0	-1	0
1000	22000	1	7	100	-1	0	-1	0	-1	0	-1	0	-1	0	-1	0	-1	0	-1	0
1001	22000	2	7	200	-1	0	-1	0	-1	0	-1	0	-1	0	-1	0	-1	0	-1	0
1002	22000	3	7	300	-1	0	-1	0	-1	0	-1	0	-1	0	-1	0	-1	0	-1	0
1003	22000	4	7	400	-1	0	-1	0	-1	0	-1	0	-1	0	-1	0	-1	0	-1	0
1004	22000	5	7	500	-1	0	-1	0	-1	0	-1	0	-1	0	-1	0	-1	0	-1	0
1005	22000	6	7	600	-1	0	-1	0	-1	0	-1	0	-1	0	-1	0	-1	0	-1	0
1006	22000	7	7	700	-1	0	-1	0	-1	0	-1	0	-1	0	-1	0	-1	0	-1	0
1007	22000	8	7	800	-1	0	-1	0	-1	0	-1	0	-1	0	-1	0	-1	0	-1	0
1008	22000	9	7	900	-1	0	-1	0	-1	0	-1	0	-1	0	-1	0	-1	0	-1	0
1500	22067	1	-1	0	-1	0	-1	0	-1	0	-1	0	-1	0	-1	0	-1	0	-1	0
1501	22067	2	-1	0	-1	0	-1	0	-1	0	-1	0	-1	0	-1	0	-1	0	-1	0
1502	22067	3	-1	0	-1	0	-1	0	-1	0	-1	0	-1	0	-1	0	-1	0	-1	0
1503	22068	1	-1	0	-1	0	-1	0	-1	0	-1	0	-1	0	-1	0	-1	0	-1	0
1504	22068	2	-1	0	-1	0	-1	0	-1	0	-1	0	-1	0	-1	0	-1	0	-1	0
1505	22068	3	-1	0	-1	0	-1	0	-1	0	-1	0	-1	0	-1	0	-1	0	-1	0
1506	22069	1	-1	0	-1	0	-1	0	-1	0	-1	0	-1	0	-1	0	-1	0	-1	0
1507	22069	2	-1	0	-1	0	-1	0	-1	0	-1	0	-1	0	-1	0	-1	0	-1	0
1508	22069	3	-1	0	-1	0	-1	0	-1	0	-1	0	-1	0	-1	0	-1	0	-1	0
1509	22070	1	-1	0	-1	0	-1	0	-1	0	-1	0	-1	0	-1	0	-1	0	-1	0
1510	22070	2	-1	0	-1	0	-1	0	-1	0	-1	0	-1	0	-1	0	-1	0	-1	0
1511	22070	3	-1	0	-1	0	-1	0	-1	0	-1	0	-1	0	-1	0	-1	0	-1	0
1512	22071	1	-1	0	-1	0	-1	0	-1	0	-1	0	-1	0	-1	0	-1	0	-1	0
1513	22071	2	-1	0	-1	0	-1	0	-1	0	-1	0	-1	0	-1	0	-1	0	-1	0
1514	22071	3	-1	0	-1	0	-1	0	-1	0	-1	0	-1	0	-1	0	-1	0	-1	0
1515	22072	1	-1	0	-1	0	-1	0	-1	0	-1	0	-1	0	-1	0	-1	0	-1	0
1516	22072	2	-1	0	-1	0	-1	0	-1	0	-1	0	-1	0	-1	0	-1	0	-1	0
1517	22072	3	-1	0	-1	0	-1	0	-1	0	-1	0	-1	0	-1	0	-1	0	-1	0
1518	22073	1	-1	0	-1	0	-1	0	-1	0	-1	0	-1	0	-1	0	-1	0	-1	0
1519	22073	2	-1	0	-1	0	-1	0	-1	0	-1	0	-1	0	-1	0	-1	0	-1	0
1520	22073	3	-1	0	-1	0	-1	0	-1	0	-1	0	-1	0	-1	0	-1	0	-1	0
1521	22074	1	-1	0	-1	0	-1	0	-1	0	-1	0	-1	0	-1	0	-1	0	-1	0
1522	22074	2	-1	0	-1	0	-1	0	-1	0	-1	0	-1	0	-1	0	-1	0	-1	0
1523	22074	3	-1	0	-1	0	-1	0	-1	0	-1	0	-1	0	-1	0	-1	0	-1	0
1524	22075	1	-1	0	-1	0	-1	0	-1	0	-1	0	-1	0	-1	0	-1	0	-1	0
1525	22075	2	-1	0	-1	0	-1	0	-1	0	-1	0	-1	0	-1	0	-1	0	-1	0
1526	22075	3	-1	0	-1	0	-1	0	-1	0	-1	0	-1	0	-1	0	-1	0	-1	0
1527	22076	1	-1	0	-1	0	-1	0	-1	0	-1	0	-1	0	-1	0	-1	0	-1	0
1528	22076	2	-1	0	-1	0	-1	0	-1	0	-1	0	-1	0	-1	0	-1	0	-1	0
1529	22076	3	-1	0	-1	0	-1	0	-1	0	-1	0	-1	0	-1	0	-1	0	-1	0
1530	22077	1	-1	0	-1	0	-1	0	-1	0	-1	0	-1	0	-1	0	-1	0	-1	0
1531	22077	2	-1	0	-1	0	-1	0	-1	0	-1	0	-1	0	-1	0	-1	0	-1	0
1532	22077	3	-1	0	-1	0	-1	0	-1	0	-1	0	-1	0	-1	0	-1	0	-1	0
1533	22078	1	-1	0	-1	0	-1	0	-1	0	-1	0	-1	0	-1	0	-1	0	-1	0
1534	22078	2	-1	0	-1	0	-1	0	-1	0	-1	0	-1	0	-1	0	-1	0	-1	0
1535	22078	3	-1	0	-1	0	-1	0	-1	0	-1	0	-1	0	-1	0	-1	0	-1	0
1536	22079	1	-1	0	-1	0	-1	0	-1	0	-1	0	-1	0	-1	0	-1	0	-1	0
1537	22079	2	-1	0	-1	0	-1	0	-1	0	-1	0	-1	0	-1	0	-1	0	-1	0
1538	22079	3	-1	0	-1	0	-1	0	-1	0	-1	0	-1	0	-1	0	-1	0	-1	0
10000	17	100	-1	0	-1	0	-1	0	-1	0	-1	0	-1	0	-1	0	-1	0	-1	0
10001	17	200	-1	0	-1	0	-1	0	-1	0	-1	0	-1	0	-1	0	-1	0	-1	0
10002	22000	5	-1	0	-1	0	-1	0	-1	0	-1	0	-1	0	-1	0	-1	0	-1	0
10003	22018	10	-1	0	-1	0	-1	0	-1	0	-1	0	-1	0	-1	0	-1	0	-1	0
10004	22054	1	-1	0	-1	0	-1	0	-1	0	-1	0	-1	0	-1	0	-1	0	-1	0
10005	26914	1	-1	0	-1	0	-1	0	-1	0	-1	0	-1	0	-1	0	-1	0	-1	0
10006	7	1000	-1	0	-1	0	-1	0	-1	0	-1	0	-1	0	-1	0	-1	0	-1	0
10007	22066	5	-1	0	-1	0	-1	0	-1	0	-1	0	-1	0	-1	0	-1	0	-1	0
10008	23258	1	-1	0	-1	0	-1	0	-1	0	-1	0	-1	0	-1	0	-1	0	-1	0
10009	22056	1	-1	0	-1	0	-1	0	-1	0	-1	0	-1	0	-1	0	-1	0	-1	0
10010	22056	1	-1	0	-1	0	-1	0	-1	0	-1	0	-1	0	-1	0	-1	0	-1	0
10100	17	100	-1	0	-1	0	-1	0	-1	0	-1	0	-1	0	-1	0	-1	0	-1	0
10101	17	200	-1	0	-1	0	-1	0	-1	0	-1	0	-1	0	-1	0	-1	0	-1	0
10102	22000	5	-1	0	-1	0	-1	0	-1	0	-1	0	-1	0	-1	0	-1	0	-1	0
10103	22018	10	-1	0	-1	0	-1	0	-1	0	-1	0	-1	0	-1	0	-1	0	-1	0
10104	22054	1	-1	0	-1	0	-1	0	-1	0	-1	0	-1	0	-1	0	-1	0	-1	0
10105	26914	1	-1	0	-1	0	-1	0	-1	0	-1	0	-1	0	-1	0	-1	0	-1	0
10106	7	1000	-1	0	-1	0	-1	0	-1	0	-1	0	-1	0	-1	0	-1	0	-1	0
10107	22066	5	-1	0	-1	0	-1	0	-1	0	-1	0	-1	0	-1	0	-1	0	-1	0
10108	23258	1	-1	0	-1	0	-1	0	-1	0	-1	0	-1	0	-1	0	-1	0	-1	0
10109	22056	1	-1	0	-1	0	-1	0	-1	0	-1	0	-1	0	-1	0	-1	0	-1	0
10110	22056	1	-1	0	-1	0	-1	0	-1	0	-1	0	-1	0	-1	0	-1	0	-1	0
10200	17	100	-1	0	-1	0	-1	0	-1	0	-1	0	-1	0	-1	0	-1	0	-1	0
10201	17	200	-1	0	-1	0	-1	0	-1	0	-1	0	-1	0	-1	0	-1	0	-1	0
10202	22000	5	-1	0	-1	0	-1	0	-1	0	-1	0	-1	0	-1	0	-1	0	-1	0
10203	22018	10	-1	0	-1	0	-1	0	-1	0	-1	0	-1	0	-1	0	-1	0	-1	0
10204	22054	1	-1	0	-1	0	-1	0	-1	0	-1	0	-1	0	-1	0	-1	0	-1	0
10205	26914	1	-1	0	-1	0	-1	0	-1	0	-1	0	-1	0	-1	0	-1	0	-1	0
10206	7	1000	-1	0	-1	0	-1	0	-1	0	-1	0	-1	0	-1	0	-1	0	-1	0
10207	22066	5	-1	0	-1	0	-1	0	-1	0	-1	0	-1	0	-1	0	-1	0	-1	0
10208	23258	1	-1	0	-1	0	-1	0	-1	0	-1	0	-1	0	-1	0	-1	0	-1	0
10209	22056	1	-1	0	-1	0	-1	0	-1	0	-1	0	-1	0	-1	0	-1	0	-1	0
10210	22056	1	-1	0	-1	0	-1	0	-1	0	-1	0	-1	0	-1	0	-1	0	-1	0
11000	22001	3	-1	0	-1	0	-1	0	-1	0	-1	0	-1	0	-1	0	-1	0	-1	0
11001	22003	10	-1	0	-1	0	-1	0	-1	0	-1	0	-1	0	-1	0	-1	0	-1	0
11002	22082	3	-1	0	-1	0	-1	0	-1	0	-1	0	-1	0	-1	0	-1	0	-1	0
11003	20304	6	-1	0	-1	0	-1	0	-1	0	-1	0	-1	0	-1	0	-1	0	-1	0
11004	17	500	-1	0	-1	0	-1	0	-1	0	-1	0	-1	0	-1	0	-1	0	-1	0
11005	20305	8	-1	0	-1	0	-1	0	-1	0	-1	0	-1	0	-1	0	-1	0	-1	0
11006	22007	1	-1	0	-1	0	-1	0	-1	0	-1	0	-1	0	-1	0	-1	0	-1	0
11007	20306	10	-1	0	-1	0	-1	0	-1	0	-1	0	-1	0	-1	0	-1	0	-1	0
11008	28000	2	-1	0	-1	0	-1	0	-1	0	-1	0	-1	0	-1	0	-1	0	-1	0
11100	22001	3	-1	0	-1	0	-1	0	-1	0	-1	0	-1	0	-1	0	-1	0	-1	0
11101	22003	10	-1	0	-1	0	-1	0	-1	0	-1	0	-1	0	-1	0	-1	0	-1	0
11102	22082	3	-1	0	-1	0	-1	0	-1	0	-1	0	-1	0	-1	0	-1	0	-1	0
11103	20304	6	-1	0	-1	0	-1	0	-1	0	-1	0	-1	0	-1	0	-1	0	-1	0
11104	17	500	-1	0	-1	0	-1	0	-1	0	-1	0	-1	0	-1	0	-1	0	-1	0
11105	20305	8	-1	0	-1	0	-1	0	-1	0	-1	0	-1	0	-1	0	-1	0	-1	0
11106	22007	1	-1	0	-1	0	-1	0	-1	0	-1	0	-1	0	-1	0	-1	0	-1	0
11107	20306	10	-1	0	-1	0	-1	0	-1	0	-1	0	-1	0	-1	0	-1	0	-1	0
11108	28000	2	-1	0	-1	0	-1	0	-1	0	-1	0	-1	0	-1	0	-1	0	-1	0
11200	22001	3	-1	0	-1	0	-1	0	-1	0	-1	0	-1	0	-1	0	-1	0	-1	0
11201	22003	10	-1	0	-1	0	-1	0	-1	0	-1	0	-1	0	-1	0	-1	0	-1	0
11202	22082	3	-1	0	-1	0	-1	0	-1	0	-1	0	-1	0	-1	0	-1	0	-1	0
11203	20304	6	-1	0	-1	0	-1	0	-1	0	-1	0	-1	0	-1	0	-1	0	-1	0
11204	17	500	-1	0	-1	0	-1	0	-1	0	-1	0	-1	0	-1	0	-1	0	-1	0
11205	20305	8	-1	0	-1	0	-1	0	-1	0	-1	0	-1	0	-1	0	-1	0	-1	0
11206	22007	1	-1	0	-1	0	-1	0	-1	0	-1	0	-1	0	-1	0	-1	0	-1	0
11207	20306	10	-1	0	-1	0	-1	0	-1	0	-1	0	-1	0	-1	0	-1	0	-1	0
11208	28000	2	-1	0	-1	0	-1	0	-1	0	-1	0	-1	0	-1	0	-1	0	-1	0
90001	26910	1	7	100	-1	0	-1	0	-1	0	-1	0	-1	0	-1	0	-1	0	-1	0
90002	26910	1	7	200	-1	0	-1	0	-1	0	-1	0	-1	0	-1	0	-1	0	-1	0
90003	26910	1	7	300	-1	0	-1	0	-1	0	-1	0	-1	0	-1	0	-1	0	-1	0
90004	26910	1	7	400	-1	0	-1	0	-1	0	-1	0	-1	0	-1	0	-1	0	-1	0
90005	26910	1	7	500	-1	0	-1	0	-1	0	-1	0	-1	0	-1	0	-1	0	-1	0
90006	26910	1	7	600	-1	0	-1	0	-1	0	-1	0	-1	0	-1	0	-1	0	-1	0
90007	26910	1	7	700	-1	0	-1	0	-1	0	-1	0	-1	0	-1	0	-1	0	-1	0
90008	26910	1	7	800	-1	0	-1	0	-1	0	-1	0	-1	0	-1	0	-1	0	-1	0
90021	26911	1	7	100	-1	0	-1	0	-1	0	-1	0	-1	0	-1	0	-1	0	-1	0
90022	26911	1	7	200	-1	0	-1	0	-1	0	-1	0	-1	0	-1	0	-1	0	-1	0
90023	26911	1	7	300	-1	0	-1	0	-1	0	-1	0	-1	0	-1	0	-1	0	-1	0
90024	26911	1	7	400	-1	0	-1	0	-1	0	-1	0	-1	0	-1	0	-1	0	-1	0
90025	26911	1	7	500	-1	0	-1	0	-1	0	-1	0	-1	0	-1	0	-1	0	-1	0
90026	26911	1	7	600	-1	0	-1	0	-1	0	-1	0	-1	0	-1	0	-1	0	-1	0
90027	26911	1	7	700	-1	0	-1	0	-1	0	-1	0	-1	0	-1	0	-1	0	-1	0
90028	26911	1	7	800	-1	0	-1	0	-1	0	-1	0	-1	0	-1	0	-1	0	-1	0
90041	26912	1	7	100	-1	0	-1	0	-1	0	-1	0	-1	0	-1	0	-1	0	-1	0
90042	26912	1	7	200	-1	0	-1	0	-1	0	-1	0	-1	0	-1	0	-1	0	-1	0
90043	26912	1	7	300	-1	0	-1	0	-1	0	-1	0	-1	0	-1	0	-1	0	-1	0
90044	26912	1	7	400	-1	0	-1	0	-1	0	-1	0	-1	0	-1	0	-1	0	-1	0
90045	26912	1	7	500	-1	0	-1	0	-1	0	-1	0	-1	0	-1	0	-1	0	-1	0
90046	26912	1	7	600	-1	0	-1	0	-1	0	-1	0	-1	0	-1	0	-1	0	-1	0
90047	26912	1	7	700	-1	0	-1	0	-1	0	-1	0	-1	0	-1	0	-1	0	-1	0
90048	26912	1	7	800	-1	0	-1	0	-1	0	-1	0	-1	0	-1	0	-1	0	-1	0
90101	26913	1	7	100	-1	0	-1	0	-1	0	-1	0	-1	0	-1	0	-1	0	-1	0
90102	26913	1	7	200	-1	0	-1	0	-1	0	-1	0	-1	0	-1	0	-1	0	-1	0
90103	26913	1	7	300	-1	0	-1	0	-1	0	-1	0	-1	0	-1	0	-1	0	-1	0
90104	26913	1	7	400	-1	0	-1	0	-1	0	-1	0	-1	0	-1	0	-1	0	-1	0
90105	26913	1	7	500	-1	0	-1	0	-1	0	-1	0	-1	0	-1	0	-1	0	-1	0
90106	26913	1	7	600	-1	0	-1	0	-1	0	-1	0	-1	0	-1	0	-1	0	-1	0
90107	26913	1	7	700	-1	0	-1	0	-1	0	-1	0	-1	0	-1	0	-1	0	-1	0
90108	26913	1	7	800	-1	0	-1	0	-1	0	-1	0	-1	0	-1	0	-1	0	-1	0
90131	26914	1	7	100	-1	0	-1	0	-1	0	-1	0	-1	0	-1	0	-1	0	-1	0
90132	26914	1	7	200	-1	0	-1	0	-1	0	-1	0	-1	0	-1	0	-1	0	-1	0
90133	26914	1	7	300	-1	0	-1	0	-1	0	-1	0	-1	0	-1	0	-1	0	-1	0
90134	26914	1	7	400	-1	0	-1	0	-1	0	-1	0	-1	0	-1	0	-1	0	-1	0
90135	26914	1	7	500	-1	0	-1	0	-1	0	-1	0	-1	0	-1	0	-1	0	-1	0
90136	26914	1	7	600	-1	0	-1	0	-1	0	-1	0	-1	0	-1	0	-1	0	-1	0
90137	26914	1	7	700	-1	0	-1	0	-1	0	-1	0	-1	0	-1	0	-1	0	-1	0
90138	26914	1	7	800	-1	0	-1	0	-1	0	-1	0	-1	0	-1	0	-1	0	-1	0
90161	26915	1	7	100	-1	0	-1	0	-1	0	-1	0	-1	0	-1	0	-1	0	-1	0
90162	26915	1	7	200	-1	0	-1	0	-1	0	-1	0	-1	0	-1	0	-1	0	-1	0
90163	26915	1	7	300	-1	0	-1	0	-1	0	-1	0	-1	0	-1	0	-1	0	-1	0
90164	26915	1	7	400	-1	0	-1	0	-1	0	-1	0	-1	0	-1	0	-1	0	-1	0
90165	26915	1	7	500	-1	0	-1	0	-1	0	-1	0	-1	0	-1	0	-1	0	-1	0
90166	26915	1	7	600	-1	0	-1	0	-1	0	-1	0	-1	0	-1	0	-1	0	-1	0
90167	26915	1	7	700	-1	0	-1	0	-1	0	-1	0	-1	0	-1	0	-1	0	-1	0
90168	26915	1	7	800	-1	0	-1	0	-1	0	-1	0	-1	0	-1	0	-1	0	-1	0
90201	26916	1	7	100	-1	0	-1	0	-1	0	-1	0	-1	0	-1	0	-1	0	-1	0
90202	26916	1	7	200	-1	0	-1	0	-1	0	-1	0	-1	0	-1	0	-1	0	-1	0
90203	26916	1	7	300	-1	0	-1	0	-1	0	-1	0	-1	0	-1	0	-1	0	-1	0
90204	26916	1	7	400	-1	0	-1	0	-1	0	-1	0	-1	0	-1	0	-1	0	-1	0
90205	26916	1	7	500	-1	0	-1	0	-1	0	-1	0	-1	0	-1	0	-1	0	-1	0
90206	26916	1	7	600	-1	0	-1	0	-1	0	-1	0	-1	0	-1	0	-1	0	-1	0
90207	26916	1	7	700	-1	0	-1	0	-1	0	-1	0	-1	0	-1	0	-1	0	-1	0
90208	26916	1	7	800	-1	0	-1	0	-1	0	-1	0	-1	0	-1	0	-1	0	-1	0
90231	26917	1	7	100	-1	0	-1	0	-1	0	-1	0	-1	0	-1	0	-1	0	-1	0
90232	26917	1	7	200	-1	0	-1	0	-1	0	-1	0	-1	0	-1	0	-1	0	-1	0
90233	26917	1	7	300	-1	0	-1	0	-1	0	-1	0	-1	0	-1	0	-1	0	-1	0
90234	26917	1	7	400	-1	0	-1	0	-1	0	-1	0	-1	0	-1	0	-1	0	-1	0
90235	26917	1	7	500	-1	0	-1	0	-1	0	-1	0	-1	0	-1	0	-1	0	-1	0
90236	26917	1	7	600	-1	0	-1	0	-1	0	-1	0	-1	0	-1	0	-1	0	-1	0
90237	26917	1	7	700	-1	0	-1	0	-1	0	-1	0	-1	0	-1	0	-1	0	-1	0
90238	26917	1	7	800	-1	0	-1	0	-1	0	-1	0	-1	0	-1	0	-1	0	-1	0
90261	26918	1	7	100	-1	0	-1	0	-1	0	-1	0	-1	0	-1	0	-1	0	-1	0
90262	26918	1	7	200	-1	0	-1	0	-1	0	-1	0	-1	0	-1	0	-1	0	-1	0
90263	26918	1	7	300	-1	0	-1	0	-1	0	-1	0	-1	0	-1	0	-1	0	-1	0
90264	26918	1	7	400	-1	0	-1	0	-1	0	-1	0	-1	0	-1	0	-1	0	-1	0
90265	26918	1	7	500	-1	0	-1	0	-1	0	-1	0	-1	0	-1	0	-1	0	-1	0
90266	26918	1	7	600	-1	0	-1	0	-1	0	-1	0	-1	0	-1	0	-1	0	-1	0
90267	26918	1	7	700	-1	0	-1	0	-1	0	-1	0	-1	0	-1	0	-1	0	-1	0
90268	26918	1	7	800	-1	0	-1	0	-1	0	-1	0	-1	0	-1	0	-1	0	-1	0
90301	26919	1	7	100	-1	0	-1	0	-1	0	-1	0	-1	0	-1	0	-1	0	-1	0
90302	26919	1	7	200	-1	0	-1	0	-1	0	-1	0	-1	0	-1	0	-1	0	-1	0
90303	26919	1	7	300	-1	0	-1	0	-1	0	-1	0	-1	0	-1	0	-1	0	-1	0
90304	26919	1	7	400	-1	0	-1	0	-1	0	-1	0	-1	0	-1	0	-1	0	-1	0
90305	26919	1	7	500	-1	0	-1	0	-1	0	-1	0	-1	0	-1	0	-1	0	-1	0
90306	26919	1	7	600	-1	0	-1	0	-1	0	-1	0	-1	0	-1	0	-1	0	-1	0
90307	26919	1	7	700	-1	0	-1	0	-1	0	-1	0	-1	0	-1	0	-1	0	-1	0
90308	26919	1	7	800	-1	0	-1	0	-1	0	-1	0	-1	0	-1	0	-1	0	-1	0
90331	26920	1	7	100	-1	0	-1	0	-1	0	-1	0	-1	0	-1	0	-1	0	-1	0
90332	26920	1	7	200	-1	0	-1	0	-1	0	-1	0	-1	0	-1	0	-1	0	-1	0
90333	26920	1	7	300	-1	0	-1	0	-1	0	-1	0	-1	0	-1	0	-1	0	-1	0
90334	26920	1	7	400	-1	0	-1	0	-1	0	-1	0	-1	0	-1	0	-1	0	-1	0
90335	26920	1	7	500	-1	0	-1	0	-1	0	-1	0	-1	0	-1	0	-1	0	-1	0
90336	26920	1	7	600	-1	0	-1	0	-1	0	-1	0	-1	0	-1	0	-1	0	-1	0
90337	26920	1	7	700	-1	0	-1	0	-1	0	-1	0	-1	0	-1	0	-1	0	-1	0
90338	26920	1	7	800	-1	0	-1	0	-1	0	-1	0	-1	0	-1	0	-1	0	-1	0
90361	26921	1	7	100	-1	0	-1	0	-1	0	-1	0	-1	0	-1	0	-1	0	-1	0
90362	26921	1	7	200	-1	0	-1	0	-1	0	-1	0	-1	0	-1	0	-1	0	-1	0
90363	26921	1	7	300	-1	0	-1	0	-1	0	-1	0	-1	0	-1	0	-1	0	-1	0
90364	26921	1	7	400	-1	0	-1	0	-1	0	-1	0	-1	0	-1	0	-1	0	-1	0
90365	26921	1	7	500	-1	0	-1	0	-1	0	-1	0	-1	0	-1	0	-1	0	-1	0
90366	26921	1	7	600	-1	0	-1	0	-1	0	-1	0	-1	0	-1	0	-1	0	-1	0
90367	26921	1	7	700	-1	0	-1	0	-1	0	-1	0	-1	0	-1	0	-1	0	-1	0
90368	26921	1	7	800	-1	0	-1	0	-1	0	-1	0	-1	0	-1	0	-1	0	-1	0
90401	26922	1	7	100	-1	0	-1	0	-1	0	-1	0	-1	0	-1	0	-1	0	-1	0
90402	26922	1	7	200	-1	0	-1	0	-1	0	-1	0	-1	0	-1	0	-1	0	-1	0
90403	26922	1	7	300	-1	0	-1	0	-1	0	-1	0	-1	0	-1	0	-1	0	-1	0
90404	26922	1	7	400	-1	0	-1	0	-1	0	-1	0	-1	0	-1	0	-1	0	-1	0
90405	26922	1	7	500	-1	0	-1	0	-1	0	-1	0	-1	0	-1	0	-1	0	-1	0
90406	26922	1	7	600	-1	0	-1	0	-1	0	-1	0	-1	0	-1	0	-1	0	-1	0
90407	26922	1	7	700	-1	0	-1	0	-1	0	-1	0	-1	0	-1	0	-1	0	-1	0
90408	26922	1	7	800	-1	0	-1	0	-1	0	-1	0	-1	0	-1	0	-1	0	-1	0
90431	26923	1	7	100	-1	0	-1	0	-1	0	-1	0	-1	0	-1	0	-1	0	-1	0
90432	26923	1	7	200	-1	0	-1	0	-1	0	-1	0	-1	0	-1	0	-1	0	-1	0
90433	26923	1	7	300	-1	0	-1	0	-1	0	-1	0	-1	0	-1	0	-1	0	-1	0
90434	26923	1	7	400	-1	0	-1	0	-1	0	-1	0	-1	0	-1	0	-1	0	-1	0
90435	26923	1	7	500	-1	0	-1	0	-1	0	-1	0	-1	0	-1	0	-1	0	-1	0
90436	26923	1	7	600	-1	0	-1	0	-1	0	-1	0	-1	0	-1	0	-1	0	-1	0
90437	26923	1	7	700	-1	0	-1	0	-1	0	-1	0	-1	0	-1	0	-1	0	-1	0
90438	26923	1	7	800	-1	0	-1	0	-1	0	-1	0	-1	0	-1	0	-1	0	-1	0
90461	26924	1	7	100	-1	0	-1	0	-1	0	-1	0	-1	0	-1	0	-1	0	-1	0
90462	26924	1	7	200	-1	0	-1	0	-1	0	-1	0	-1	0	-1	0	-1	0	-1	0
90463	26924	1	7	300	-1	0	-1	0	-1	0	-1	0	-1	0	-1	0	-1	0	-1	0
90464	26924	1	7	400	-1	0	-1	0	-1	0	-1	0	-1	0	-1	0	-1	0	-1	0
90465	26924	1	7	500	-1	0	-1	0	-1	0	-1	0	-1	0	-1	0	-1	0	-1	0
90466	26924	1	7	600	-1	0	-1	0	-1	0	-1	0	-1	0	-1	0	-1	0	-1	0
90467	26924	1	7	700	-1	0	-1	0	-1	0	-1	0	-1	0	-1	0	-1	0	-1	0
90468	26924	1	7	800	-1	0	-1	0	-1	0	-1	0	-1	0	-1	0	-1	0	-1	0
90501	26925	1	7	100	-1	0	-1	0	-1	0	-1	0	-1	0	-1	0	-1	0	-1	0
90502	26925	1	7	200	-1	0	-1	0	-1	0	-1	0	-1	0	-1	0	-1	0	-1	0
90503	26925	1	7	300	-1	0	-1	0	-1	0	-1	0	-1	0	-1	0	-1	0	-1	0
90504	26925	1	7	400	-1	0	-1	0	-1	0	-1	0	-1	0	-1	0	-1	0	-1	0
90505	26925	1	7	500	-1	0	-1	0	-1	0	-1	0	-1	0	-1	0	-1	0	-1	0
90506	26925	1	7	600	-1	0	-1	0	-1	0	-1	0	-1	0	-1	0	-1	0	-1	0
90507	26925	1	7	700	-1	0	-1	0	-1	0	-1	0	-1	0	-1	0	-1	0	-1	0
90508	26925	1	7	800	-1	0	-1	0	-1	0	-1	0	-1	0	-1	0	-1	0	-1	0
90521	26926	1	7	100	-1	0	-1	0	-1	0	-1	0	-1	0	-1	0	-1	0	-1	0
90522	26926	1	7	200	-1	0	-1	0	-1	0	-1	0	-1	0	-1	0	-1	0	-1	0
90523	26926	1	7	300	-1	0	-1	0	-1	0	-1	0	-1	0	-1	0	-1	0	-1	0
90524	26926	1	7	400	-1	0	-1	0	-1	0	-1	0	-1	0	-1	0	-1	0	-1	0
90525	26926	1	7	500	-1	0	-1	0	-1	0	-1	0	-1	0	-1	0	-1	0	-1	0
90526	26926	1	7	600	-1	0	-1	0	-1	0	-1	0	-1	0	-1	0	-1	0	-1	0
90527	26926	1	7	700	-1	0	-1	0	-1	0	-1	0	-1	0	-1	0	-1	0	-1	0
90528	26926	1	7	800	-1	0	-1	0	-1	0	-1	0	-1	0	-1	0	-1	0	-1	0
90541	26927	1	7	100	-1	0	-1	0	-1	0	-1	0	-1	0	-1	0	-1	0	-1	0
90542	26927	1	7	200	-1	0	-1	0	-1	0	-1	0	-1	0	-1	0	-1	0	-1	0
90543	26927	1	7	300	-1	0	-1	0	-1	0	-1	0	-1	0	-1	0	-1	0	-1	0
90544	26927	1	7	400	-1	0	-1	0	-1	0	-1	0	-1	0	-1	0	-1	0	-1	0
90545	26927	1	7	500	-1	0	-1	0	-1	0	-1	0	-1	0	-1	0	-1	0	-1	0
90546	26927	1	7	600	-1	0	-1	0	-1	0	-1	0	-1	0	-1	0	-1	0	-1	0
90547	26927	1	7	700	-1	0	-1	0	-1	0	-1	0	-1	0	-1	0	-1	0	-1	0
90548	26927	1	7	800	-1	0	-1	0	-1	0	-1	0	-1	0	-1	0	-1	0	-1	0
90601	26928	1	7	100	-1	0	-1	0	-1	0	-1	0	-1	0	-1	0	-1	0	-1	0
90602	26928	1	7	200	-1	0	-1	0	-1	0	-1	0	-1	0	-1	0	-1	0	-1	0
90603	26928	1	7	300	-1	0	-1	0	-1	0	-1	0	-1	0	-1	0	-1	0	-1	0
90604	26928	1	7	400	-1	0	-1	0	-1	0	-1	0	-1	0	-1	0	-1	0	-1	0
90605	26928	1	7	500	-1	0	-1	0	-1	0	-1	0	-1	0	-1	0	-1	0	-1	0
90606	26928	1	7	600	-1	0	-1	0	-1	0	-1	0	-1	0	-1	0	-1	0	-1	0
90607	26928	1	7	700	-1	0	-1	0	-1	0	-1	0	-1	0	-1	0	-1	0	-1	0
90608	26928	1	7	800	-1	0	-1	0	-1	0	-1	0	-1	0	-1	0	-1	0	-1	0
90611	26929	1	7	100	-1	0	-1	0	-1	0	-1	0	-1	0	-1	0	-1	0	-1	0
90612	26929	1	7	200	-1	0	-1	0	-1	0	-1	0	-1	0	-1	0	-1	0	-1	0
90613	26929	1	7	300	-1	0	-1	0	-1	0	-1	0	-1	0	-1	0	-1	0	-1	0
90614	26929	1	7	400	-1	0	-1	0	-1	0	-1	0	-1	0	-1	0	-1	0	-1	0
90615	26929	1	7	500	-1	0	-1	0	-1	0	-1	0	-1	0	-1	0	-1	0	-1	0
90616	26929	1	7	600	-1	0	-1	0	-1	0	-1	0	-1	0	-1	0	-1	0	-1	0
90617	26929	1	7	700	-1	0	-1	0	-1	0	-1	0	-1	0	-1	0	-1	0	-1	0
90618	26929	1	7	800	-1	0	-1	0	-1	0	-1	0	-1	0	-1	0	-1	0	-1	0
90621	26930	1	7	100	-1	0	-1	0	-1	0	-1	0	-1	0	-1	0	-1	0	-1	0
90622	26930	1	7	200	-1	0	-1	0	-1	0	-1	0	-1	0	-1	0	-1	0	-1	0
90623	26930	1	7	300	-1	0	-1	0	-1	0	-1	0	-1	0	-1	0	-1	0	-1	0
90624	26930	1	7	400	-1	0	-1	0	-1	0	-1	0	-1	0	-1	0	-1	0	-1	0
90625	26930	1	7	500	-1	0	-1	0	-1	0	-1	0	-1	0	-1	0	-1	0	-1	0
90626	26930	1	7	600	-1	0	-1	0	-1	0	-1	0	-1	0	-1	0	-1	0	-1	0
90627	26930	1	7	700	-1	0	-1	0	-1	0	-1	0	-1	0	-1	0	-1	0	-1	0
90628	26930	1	7	800	-1	0	-1	0	-1	0	-1	0	-1	0	-1	0	-1	0	-1	0
90701	26931	1	7	100	-1	0	-1	0	-1	0	-1	0	-1	0	-1	0	-1	0	-1	0
90702	26931	1	7	200	-1	0	-1	0	-1	0	-1	0	-1	0	-1	0	-1	0	-1	0
90703	26931	1	7	300	-1	0	-1	0	-1	0	-1	0	-1	0	-1	0	-1	0	-1	0
90704	26931	1	7	400	-1	0	-1	0	-1	0	-1	0	-1	0	-1	0	-1	0	-1	0
90705	26931	1	7	500	-1	0	-1	0	-1	0	-1	0	-1	0	-1	0	-1	0	-1	0
90706	26931	1	7	600	-1	0	-1	0	-1	0	-1	0	-1	0	-1	0	-1	0	-1	0
90707	26931	1	7	700	-1	0	-1	0	-1	0	-1	0	-1	0	-1	0	-1	0	-1	0
90708	26931	1	7	800	-1	0	-1	0	-1	0	-1	0	-1	0	-1	0	-1	0	-1	0
90711	26932	1	7	100	-1	0	-1	0	-1	0	-1	0	-1	0	-1	0	-1	0	-1	0
90712	26932	1	7	200	-1	0	-1	0	-1	0	-1	0	-1	0	-1	0	-1	0	-1	0
90713	26932	1	7	300	-1	0	-1	0	-1	0	-1	0	-1	0	-1	0	-1	0	-1	0
90714	26932	1	7	400	-1	0	-1	0	-1	0	-1	0	-1	0	-1	0	-1	0	-1	0
90715	26932	1	7	500	-1	0	-1	0	-1	0	-1	0	-1	0	-1	0	-1	0	-1	0
90716	26932	1	7	600	-1	0	-1	0	-1	0	-1	0	-1	0	-1	0	-1	0	-1	0
90717	26932	1	7	700	-1	0	-1	0	-1	0	-1	0	-1	0	-1	0	-1	0	-1	0
90718	26932	1	7	800	-1	0	-1	0	-1	0	-1	0	-1	0	-1	0	-1	0	-1	0
90721	26933	1	7	100	-1	0	-1	0	-1	0	-1	0	-1	0	-1	0	-1	0	-1	0
90722	26933	1	7	200	-1	0	-1	0	-1	0	-1	0	-1	0	-1	0	-1	0	-1	0
90723	26933	1	7	300	-1	0	-1	0	-1	0	-1	0	-1	0	-1	0	-1	0	-1	0
90724	26933	1	7	400	-1	0	-1	0	-1	0	-1	0	-1	0	-1	0	-1	0	-1	0
90725	26933	1	7	500	-1	0	-1	0	-1	0	-1	0	-1	0	-1	0	-1	0	-1	0
90726	26933	1	7	600	-1	0	-1	0	-1	0	-1	0	-1	0	-1	0	-1	0	-1	0
90727	26933	1	7	700	-1	0	-1	0	-1	0	-1	0	-1	0	-1	0	-1	0	-1	0
90728	26933	1	7	800	-1	0	-1	0	-1	0	-1	0	-1	0	-1	0	-1	0	-1	0
90801	26934	1	7	100	-1	0	-1	0	-1	0	-1	0	-1	0	-1	0	-1	0	-1	0
90802	26934	1	7	200	-1	0	-1	0	-1	0	-1	0	-1	0	-1	0	-1	0	-1	0
90803	26934	1	7	300	-1	0	-1	0	-1	0	-1	0	-1	0	-1	0	-1	0	-1	0
90804	26934	1	7	400	-1	0	-1	0	-1	0	-1	0	-1	0	-1	0	-1	0	-1	0
90805	26934	1	7	500	-1	0	-1	0	-1	0	-1	0	-1	0	-1	0	-1	0	-1	0
90806	26934	1	7	600	-1	0	-1	0	-1	0	-1	0	-1	0	-1	0	-1	0	-1	0
90807	26934	1	7	700	-1	0	-1	0	-1	0	-1	0	-1	0	-1	0	-1	0	-1	0
90808	26934	1	7	800	-1	0	-1	0	-1	0	-1	0	-1	0	-1	0	-1	0	-1	0
90811	26935	1	7	100	-1	0	-1	0	-1	0	-1	0	-1	0	-1	0	-1	0	-1	0
90812	26935	1	7	200	-1	0	-1	0	-1	0	-1	0	-1	0	-1	0	-1	0	-1	0
90813	26935	1	7	300	-1	0	-1	0	-1	0	-1	0	-1	0	-1	0	-1	0	-1	0
90814	26935	1	7	400	-1	0	-1	0	-1	0	-1	0	-1	0	-1	0	-1	0	-1	0
90815	26935	1	7	500	-1	0	-1	0	-1	0	-1	0	-1	0	-1	0	-1	0	-1	0
90816	26935	1	7	600	-1	0	-1	0	-1	0	-1	0	-1	0	-1	0	-1	0	-1	0
90817	26935	1	7	700	-1	0	-1	0	-1	0	-1	0	-1	0	-1	0	-1	0	-1	0
90818	26935	1	7	800	-1	0	-1	0	-1	0	-1	0	-1	0	-1	0	-1	0	-1	0
90821	26936	1	7	100	-1	0	-1	0	-1	0	-1	0	-1	0	-1	0	-1	0	-1	0
90822	26936	1	7	200	-1	0	-1	0	-1	0	-1	0	-1	0	-1	0	-1	0	-1	0
90823	26936	1	7	300	-1	0	-1	0	-1	0	-1	0	-1	0	-1	0	-1	0	-1	0
90824	26936	1	7	400	-1	0	-1	0	-1	0	-1	0	-1	0	-1	0	-1	0	-1	0
90825	26936	1	7	500	-1	0	-1	0	-1	0	-1	0	-1	0	-1	0	-1	0	-1	0
90826	26936	1	7	600	-1	0	-1	0	-1	0	-1	0	-1	0	-1	0	-1	0	-1	0
90827	26936	1	7	700	-1	0	-1	0	-1	0	-1	0	-1	0	-1	0	-1	0	-1	0
90828	26936	1	7	800	-1	0	-1	0	-1	0	-1	0	-1	0	-1	0	-1	0	-1	0
90901	26937	1	7	100	-1	0	-1	0	-1	0	-1	0	-1	0	-1	0	-1	0	-1	0
90902	26937	1	7	200	-1	0	-1	0	-1	0	-1	0	-1	0	-1	0	-1	0	-1	0
90903	26937	1	7	300	-1	0	-1	0	-1	0	-1	0	-1	0	-1	0	-1	0	-1	0
90904	26937	1	7	400	-1	0	-1	0	-1	0	-1	0	-1	0	-1	0	-1	0	-1	0
90905	26937	1	7	500	-1	0	-1	0	-1	0	-1	0	-1	0	-1	0	-1	0	-1	0
90906	26937	1	7	600	-1	0	-1	0	-1	0	-1	0	-1	0	-1	0	-1	0	-1	0
90907	26937	1	7	700	-1	0	-1	0	-1	0	-1	0	-1	0	-1	0	-1	0	-1	0
90908	26937	1	7	800	-1	0	-1	0	-1	0	-1	0	-1	0	-1	0	-1	0	-1	0
90921	26938	1	7	100	-1	0	-1	0	-1	0	-1	0	-1	0	-1	0	-1	0	-1	0
90922	26938	1	7	200	-1	0	-1	0	-1	0	-1	0	-1	0	-1	0	-1	0	-1	0
90923	26938	1	7	300	-1	0	-1	0	-1	0	-1	0	-1	0	-1	0	-1	0	-1	0
90924	26938	1	7	400	-1	0	-1	0	-1	0	-1	0	-1	0	-1	0	-1	0	-1	0
90925	26938	1	7	500	-1	0	-1	0	-1	0	-1	0	-1	0	-1	0	-1	0	-1	0
90926	26938	1	7	600	-1	0	-1	0	-1	0	-1	0	-1	0	-1	0	-1	0	-1	0
90927	26938	1	7	700	-1	0	-1	0	-1	0	-1	0	-1	0	-1	0	-1	0	-1	0
90928	26938	1	7	800	-1	0	-1	0	-1	0	-1	0	-1	0	-1	0	-1	0	-1	0
90941	26939	1	7	100	-1	0	-1	0	-1	0	-1	0	-1	0	-1	0	-1	0	-1	0
90942	26939	1	7	200	-1	0	-1	0	-1	0	-1	0	-1	0	-1	0	-1	0	-1	0
90943	26939	1	7	300	-1	0	-1	0	-1	0	-1	0	-1	0	-1	0	-1	0	-1	0
90944	26939	1	7	400	-1	0	-1	0	-1	0	-1	0	-1	0	-1	0	-1	0	-1	0
90945	26939	1	7	500	-1	0	-1	0	-1	0	-1	0	-1	0	-1	0	-1	0	-1	0
90946	26939	1	7	600	-1	0	-1	0	-1	0	-1	0	-1	0	-1	0	-1	0	-1	0
90947	26939	1	7	700	-1	0	-1	0	-1	0	-1	0	-1	0	-1	0	-1	0	-1	0
90948	26939	1	7	800	-1	0	-1	0	-1	0	-1	0	-1	0	-1	0	-1	0	-1	0
91001	26940	1	7	100	-1	0	-1	0	-1	0	-1	0	-1	0	-1	0	-1	0	-1	0
91002	26940	1	7	200	-1	0	-1	0	-1	0	-1	0	-1	0	-1	0	-1	0	-1	0
91003	26940	1	7	300	-1	0	-1	0	-1	0	-1	0	-1	0	-1	0	-1	0	-1	0
91004	26940	1	7	400	-1	0	-1	0	-1	0	-1	0	-1	0	-1	0	-1	0	-1	0
91005	26940	1	7	500	-1	0	-1	0	-1	0	-1	0	-1	0	-1	0	-1	0	-1	0
91006	26940	1	7	600	-1	0	-1	0	-1	0	-1	0	-1	0	-1	0	-1	0	-1	0
91007	26940	1	7	700	-1	0	-1	0	-1	0	-1	0	-1	0	-1	0	-1	0	-1	0
91008	26940	1	7	800	-1	0	-1	0	-1	0	-1	0	-1	0	-1	0	-1	0	-1	0
91021	26941	1	7	100	-1	0	-1	0	-1	0	-1	0	-1	0	-1	0	-1	0	-1	0
91022	26941	1	7	200	-1	0	-1	0	-1	0	-1	0	-1	0	-1	0	-1	0	-1	0
91023	26941	1	7	300	-1	0	-1	0	-1	0	-1	0	-1	0	-1	0	-1	0	-1	0
91024	26941	1	7	400	-1	0	-1	0	-1	0	-1	0	-1	0	-1	0	-1	0	-1	0
91025	26941	1	7	500	-1	0	-1	0	-1	0	-1	0	-1	0	-1	0	-1	0	-1	0
91026	26941	1	7	600	-1	0	-1	0	-1	0	-1	0	-1	0	-1	0	-1	0	-1	0
91027	26941	1	7	700	-1	0	-1	0	-1	0	-1	0	-1	0	-1	0	-1	0	-1	0
91028	26941	1	7	800	-1	0	-1	0	-1	0	-1	0	-1	0	-1	0	-1	0	-1	0
91041	26942	1	7	100	-1	0	-1	0	-1	0	-1	0	-1	0	-1	0	-1	0	-1	0
91042	26942	1	7	200	-1	0	-1	0	-1	0	-1	0	-1	0	-1	0	-1	0	-1	0
91043	26942	1	7	300	-1	0	-1	0	-1	0	-1	0	-1	0	-1	0	-1	0	-1	0
91044	26942	1	7	400	-1	0	-1	0	-1	0	-1	0	-1	0	-1	0	-1	0	-1	0
91045	26942	1	7	500	-1	0	-1	0	-1	0	-1	0	-1	0	-1	0	-1	0	-1	0
91046	26942	1	7	600	-1	0	-1	0	-1	0	-1	0	-1	0	-1	0	-1	0	-1	0
91047	26942	1	7	700	-1	0	-1	0	-1	0	-1	0	-1	0	-1	0	-1	0	-1	0
91048	26942	1	7	800	-1	0	-1	0	-1	0	-1	0	-1	0	-1	0	-1	0	-1	0
91101	26943	1	7	100	-1	0	-1	0	-1	0	-1	0	-1	0	-1	0	-1	0	-1	0
91102	26943	1	7	200	-1	0	-1	0	-1	0	-1	0	-1	0	-1	0	-1	0	-1	0
91103	26943	1	7	300	-1	0	-1	0	-1	0	-1	0	-1	0	-1	0	-1	0	-1	0
91104	26943	1	7	400	-1	0	-1	0	-1	0	-1	0	-1	0	-1	0	-1	0	-1	0
91105	26943	1	7	500	-1	0	-1	0	-1	0	-1	0	-1	0	-1	0	-1	0	-1	0
91106	26943	1	7	600	-1	0	-1	0	-1	0	-1	0	-1	0	-1	0	-1	0	-1	0
91107	26943	1	7	700	-1	0	-1	0	-1	0	-1	0	-1	0	-1	0	-1	0	-1	0
91108	26943	1	7	800	-1	0	-1	0	-1	0	-1	0	-1	0	-1	0	-1	0	-1	0
91121	26944	1	7	100	-1	0	-1	0	-1	0	-1	0	-1	0	-1	0	-1	0	-1	0
91122	26944	1	7	200	-1	0	-1	0	-1	0	-1	0	-1	0	-1	0	-1	0	-1	0
91123	26944	1	7	300	-1	0	-1	0	-1	0	-1	0	-1	0	-1	0	-1	0	-1	0
91124	26944	1	7	400	-1	0	-1	0	-1	0	-1	0	-1	0	-1	0	-1	0	-1	0
91125	26944	1	7	500	-1	0	-1	0	-1	0	-1	0	-1	0	-1	0	-1	0	-1	0
91126	26944	1	7	600	-1	0	-1	0	-1	0	-1	0	-1	0	-1	0	-1	0	-1	0
91127	26944	1	7	700	-1	0	-1	0	-1	0	-1	0	-1	0	-1	0	-1	0	-1	0
91128	26944	1	7	800	-1	0	-1	0	-1	0	-1	0	-1	0	-1	0	-1	0	-1	0
91141	26945	1	7	100	-1	0	-1	0	-1	0	-1	0	-1	0	-1	0	-1	0	-1	0
91142	26945	1	7	200	-1	0	-1	0	-1	0	-1	0	-1	0	-1	0	-1	0	-1	0
91143	26945	1	7	300	-1	0	-1	0	-1	0	-1	0	-1	0	-1	0	-1	0	-1	0
91144	26945	1	7	400	-1	0	-1	0	-1	0	-1	0	-1	0	-1	0	-1	0	-1	0
91145	26945	1	7	500	-1	0	-1	0	-1	0	-1	0	-1	0	-1	0	-1	0	-1	0
91146	26945	1	7	600	-1	0	-1	0	-1	0	-1	0	-1	0	-1	0	-1	0	-1	0
91147	26945	1	7	700	-1	0	-1	0	-1	0	-1	0	-1	0	-1	0	-1	0	-1	0
91148	26945	1	7	800	-1	0	-1	0	-1	0	-1	0	-1	0	-1	0	-1	0	-1	0
91201	26946	1	7	100	-1	0	-1	0	-1	0	-1	0	-1	0	-1	0	-1	0	-1	0
91202	26946	1	7	200	-1	0	-1	0	-1	0	-1	0	-1	0	-1	0	-1	0	-1	0
91203	26946	1	7	300	-1	0	-1	0	-1	0	-1	0	-1	0	-1	0	-1	0	-1	0
91204	26946	1	7	400	-1	0	-1	0	-1	0	-1	0	-1	0	-1	0	-1	0	-1	0
91205	26946	1	7	500	-1	0	-1	0	-1	0	-1	0	-1	0	-1	0	-1	0	-1	0
91206	26946	1	7	600	-1	0	-1	0	-1	0	-1	0	-1	0	-1	0	-1	0	-1	0
91207	26946	1	7	700	-1	0	-1	0	-1	0	-1	0	-1	0	-1	0	-1	0	-1	0
91208	26946	1	7	800	-1	0	-1	0	-1	0	-1	0	-1	0	-1	0	-1	0	-1	0
91221	26947	1	7	100	-1	0	-1	0	-1	0	-1	0	-1	0	-1	0	-1	0	-1	0
91222	26947	1	7	200	-1	0	-1	0	-1	0	-1	0	-1	0	-1	0	-1	0	-1	0
91223	26947	1	7	300	-1	0	-1	0	-1	0	-1	0	-1	0	-1	0	-1	0	-1	0
91224	26947	1	7	400	-1	0	-1	0	-1	0	-1	0	-1	0	-1	0	-1	0	-1	0
91225	26947	1	7	500	-1	0	-1	0	-1	0	-1	0	-1	0	-1	0	-1	0	-1	0
91226	26947	1	7	600	-1	0	-1	0	-1	0	-1	0	-1	0	-1	0	-1	0	-1	0
91227	26947	1	7	700	-1	0	-1	0	-1	0	-1	0	-1	0	-1	0	-1	0	-1	0
91228	26947	1	7	800	-1	0	-1	0	-1	0	-1	0	-1	0	-1	0	-1	0	-1	0
91241	26948	1	7	100	-1	0	-1	0	-1	0	-1	0	-1	0	-1	0	-1	0	-1	0
91242	26948	1	7	200	-1	0	-1	0	-1	0	-1	0	-1	0	-1	0	-1	0	-1	0
91243	26948	1	7	300	-1	0	-1	0	-1	0	-1	0	-1	0	-1	0	-1	0	-1	0
91244	26948	1	7	400	-1	0	-1	0	-1	0	-1	0	-1	0	-1	0	-1	0	-1	0
91245	26948	1	7	500	-1	0	-1	0	-1	0	-1	0	-1	0	-1	0	-1	0	-1	0
91246	26948	1	7	600	-1	0	-1	0	-1	0	-1	0	-1	0	-1	0	-1	0	-1	0
91247	26948	1	7	700	-1	0	-1	0	-1	0	-1	0	-1	0	-1	0	-1	0	-1	0
91248	26948	1	7	800	-1	0	-1	0	-1	0	-1	0	-1	0	-1	0	-1	0	-1	0
91301	26949	1	7	100	-1	0	-1	0	-1	0	-1	0	-1	0	-1	0	-1	0	-1	0
91302	26949	1	7	200	-1	0	-1	0	-1	0	-1	0	-1	0	-1	0	-1	0	-1	0
91303	26949	1	7	300	-1	0	-1	0	-1	0	-1	0	-1	0	-1	0	-1	0	-1	0
91304	26949	1	7	400	-1	0	-1	0	-1	0	-1	0	-1	0	-1	0	-1	0	-1	0
91305	26949	1	7	500	-1	0	-1	0	-1	0	-1	0	-1	0	-1	0	-1	0	-1	0
91306	26949	1	7	600	-1	0	-1	0	-1	0	-1	0	-1	0	-1	0	-1	0	-1	0
91307	26949	1	7	700	-1	0	-1	0	-1	0	-1	0	-1	0	-1	0	-1	0	-1	0
91308	26949	1	7	800	-1	0	-1	0	-1	0	-1	0	-1	0	-1	0	-1	0	-1	0
91321	26950	1	7	100	-1	0	-1	0	-1	0	-1	0	-1	0	-1	0	-1	0	-1	0
91322	26950	1	7	200	-1	0	-1	0	-1	0	-1	0	-1	0	-1	0	-1	0	-1	0
91323	26950	1	7	300	-1	0	-1	0	-1	0	-1	0	-1	0	-1	0	-1	0	-1	0
91324	26950	1	7	400	-1	0	-1	0	-1	0	-1	0	-1	0	-1	0	-1	0	-1	0
91325	26950	1	7	500	-1	0	-1	0	-1	0	-1	0	-1	0	-1	0	-1	0	-1	0
91326	26950	1	7	600	-1	0	-1	0	-1	0	-1	0	-1	0	-1	0	-1	0	-1	0
91327	26950	1	7	700	-1	0	-1	0	-1	0	-1	0	-1	0	-1	0	-1	0	-1	0
91328	26950	1	7	800	-1	0	-1	0	-1	0	-1	0	-1	0	-1	0	-1	0	-1	0
91341	26951	1	7	100	-1	0	-1	0	-1	0	-1	0	-1	0	-1	0	-1	0	-1	0
91342	26951	1	7	200	-1	0	-1	0	-1	0	-1	0	-1	0	-1	0	-1	0	-1	0
91343	26951	1	7	300	-1	0	-1	0	-1	0	-1	0	-1	0	-1	0	-1	0	-1	0
91344	26951	1	7	400	-1	0	-1	0	-1	0	-1	0	-1	0	-1	0	-1	0	-1	0
91345	26951	1	7	500	-1	0	-1	0	-1	0	-1	0	-1	0	-1	0	-1	0	-1	0
91346	26951	1	7	600	-1	0	-1	0	-1	0	-1	0	-1	0	-1	0	-1	0	-1	0
91347	26951	1	7	700	-1	0	-1	0	-1	0	-1	0	-1	0	-1	0	-1	0	-1	0
91348	26951	1	7	800	-1	0	-1	0	-1	0	-1	0	-1	0	-1	0	-1	0	-1	0
91401	26952	1	7	100	-1	0	-1	0	-1	0	-1	0	-1	0	-1	0	-1	0	-1	0
91402	26952	1	7	200	-1	0	-1	0	-1	0	-1	0	-1	0	-1	0	-1	0	-1	0
91403	26952	1	7	300	-1	0	-1	0	-1	0	-1	0	-1	0	-1	0	-1	0	-1	0
91404	26952	1	7	400	-1	0	-1	0	-1	0	-1	0	-1	0	-1	0	-1	0	-1	0
91405	26952	1	7	500	-1	0	-1	0	-1	0	-1	0	-1	0	-1	0	-1	0	-1	0
91406	26952	1	7	600	-1	0	-1	0	-1	0	-1	0	-1	0	-1	0	-1	0	-1	0
91407	26952	1	7	700	-1	0	-1	0	-1	0	-1	0	-1	0	-1	0	-1	0	-1	0
91408	26952	1	7	800	-1	0	-1	0	-1	0	-1	0	-1	0	-1	0	-1	0	-1	0
91421	26953	1	7	100	-1	0	-1	0	-1	0	-1	0	-1	0	-1	0	-1	0	-1	0
91422	26953	1	7	200	-1	0	-1	0	-1	0	-1	0	-1	0	-1	0	-1	0	-1	0
91423	26953	1	7	300	-1	0	-1	0	-1	0	-1	0	-1	0	-1	0	-1	0	-1	0
91424	26953	1	7	400	-1	0	-1	0	-1	0	-1	0	-1	0	-1	0	-1	0	-1	0
91425	26953	1	7	500	-1	0	-1	0	-1	0	-1	0	-1	0	-1	0	-1	0	-1	0
91426	26953	1	7	600	-1	0	-1	0	-1	0	-1	0	-1	0	-1	0	-1	0	-1	0
91427	26953	1	7	700	-1	0	-1	0	-1	0	-1	0	-1	0	-1	0	-1	0	-1	0
91428	26953	1	7	800	-1	0	-1	0	-1	0	-1	0	-1	0	-1	0	-1	0	-1	0
91441	26954	1	7	100	-1	0	-1	0	-1	0	-1	0	-1	0	-1	0	-1	0	-1	0
91442	26954	1	7	200	-1	0	-1	0	-1	0	-1	0	-1	0	-1	0	-1	0	-1	0
91443	26954	1	7	300	-1	0	-1	0	-1	0	-1	0	-1	0	-1	0	-1	0	-1	0
91444	26954	1	7	400	-1	0	-1	0	-1	0	-1	0	-1	0	-1	0	-1	0	-1	0
91445	26954	1	7	500	-1	0	-1	0	-1	0	-1	0	-1	0	-1	0	-1	0	-1	0
91446	26954	1	7	600	-1	0	-1	0	-1	0	-1	0	-1	0	-1	0	-1	0	-1	0
91447	26954	1	7	700	-1	0	-1	0	-1	0	-1	0	-1	0	-1	0	-1	0	-1	0
91448	26954	1	7	800	-1	0	-1	0	-1	0	-1	0	-1	0	-1	0	-1	0	-1	0
91501	26955	1	7	100	-1	0	-1	0	-1	0	-1	0	-1	0	-1	0	-1	0	-1	0
91502	26955	1	7	200	-1	0	-1	0	-1	0	-1	0	-1	0	-1	0	-1	0	-1	0
91503	26955	1	7	300	-1	0	-1	0	-1	0	-1	0	-1	0	-1	0	-1	0	-1	0
91504	26955	1	7	400	-1	0	-1	0	-1	0	-1	0	-1	0	-1	0	-1	0	-1	0
91505	26955	1	7	500	-1	0	-1	0	-1	0	-1	0	-1	0	-1	0	-1	0	-1	0
91506	26955	1	7	600	-1	0	-1	0	-1	0	-1	0	-1	0	-1	0	-1	0	-1	0
91507	26955	1	7	700	-1	0	-1	0	-1	0	-1	0	-1	0	-1	0	-1	0	-1	0
91508	26955	1	7	800	-1	0	-1	0	-1	0	-1	0	-1	0	-1	0	-1	0	-1	0
91521	26956	1	7	100	-1	0	-1	0	-1	0	-1	0	-1	0	-1	0	-1	0	-1	0
91522	26956	1	7	200	-1	0	-1	0	-1	0	-1	0	-1	0	-1	0	-1	0	-1	0
91523	26956	1	7	300	-1	0	-1	0	-1	0	-1	0	-1	0	-1	0	-1	0	-1	0
91524	26956	1	7	400	-1	0	-1	0	-1	0	-1	0	-1	0	-1	0	-1	0	-1	0
91525	26956	1	7	500	-1	0	-1	0	-1	0	-1	0	-1	0	-1	0	-1	0	-1	0
91526	26956	1	7	600	-1	0	-1	0	-1	0	-1	0	-1	0	-1	0	-1	0	-1	0
91527	26956	1	7	700	-1	0	-1	0	-1	0	-1	0	-1	0	-1	0	-1	0	-1	0
91528	26956	1	7	800	-1	0	-1	0	-1	0	-1	0	-1	0	-1	0	-1	0	-1	0
91541	26957	1	7	100	-1	0	-1	0	-1	0	-1	0	-1	0	-1	0	-1	0	-1	0
91542	26957	1	7	200	-1	0	-1	0	-1	0	-1	0	-1	0	-1	0	-1	0	-1	0
91543	26957	1	7	300	-1	0	-1	0	-1	0	-1	0	-1	0	-1	0	-1	0	-1	0
91544	26957	1	7	400	-1	0	-1	0	-1	0	-1	0	-1	0	-1	0	-1	0	-1	0
91545	26957	1	7	500	-1	0	-1	0	-1	0	-1	0	-1	0	-1	0	-1	0	-1	0
91546	26957	1	7	600	-1	0	-1	0	-1	0	-1	0	-1	0	-1	0	-1	0	-1	0
91547	26957	1	7	700	-1	0	-1	0	-1	0	-1	0	-1	0	-1	0	-1	0	-1	0
91548	26957	1	7	800	-1	0	-1	0	-1	0	-1	0	-1	0	-1	0	-1	0	-1	0
91601	26958	1	7	100	-1	0	-1	0	-1	0	-1	0	-1	0	-1	0	-1	0	-1	0
91602	26958	1	7	200	-1	0	-1	0	-1	0	-1	0	-1	0	-1	0	-1	0	-1	0
91603	26958	1	7	300	-1	0	-1	0	-1	0	-1	0	-1	0	-1	0	-1	0	-1	0
91604	26958	1	7	400	-1	0	-1	0	-1	0	-1	0	-1	0	-1	0	-1	0	-1	0
91605	26958	1	7	500	-1	0	-1	0	-1	0	-1	0	-1	0	-1	0	-1	0	-1	0
91606	26958	1	7	600	-1	0	-1	0	-1	0	-1	0	-1	0	-1	0	-1	0	-1	0
91607	26958	1	7	700	-1	0	-1	0	-1	0	-1	0	-1	0	-1	0	-1	0	-1	0
91608	26958	1	7	800	-1	0	-1	0	-1	0	-1	0	-1	0	-1	0	-1	0	-1	0
91611	26959	1	7	100	-1	0	-1	0	-1	0	-1	0	-1	0	-1	0	-1	0	-1	0
91612	26959	1	7	200	-1	0	-1	0	-1	0	-1	0	-1	0	-1	0	-1	0	-1	0
91613	26959	1	7	300	-1	0	-1	0	-1	0	-1	0	-1	0	-1	0	-1	0	-1	0
91614	26959	1	7	400	-1	0	-1	0	-1	0	-1	0	-1	0	-1	0	-1	0	-1	0
91615	26959	1	7	500	-1	0	-1	0	-1	0	-1	0	-1	0	-1	0	-1	0	-1	0
91616	26959	1	7	600	-1	0	-1	0	-1	0	-1	0	-1	0	-1	0	-1	0	-1	0
91617	26959	1	7	700	-1	0	-1	0	-1	0	-1	0	-1	0	-1	0	-1	0	-1	0
91618	26959	1	7	800	-1	0	-1	0	-1	0	-1	0	-1	0	-1	0	-1	0	-1	0
91621	26960	1	7	100	-1	0	-1	0	-1	0	-1	0	-1	0	-1	0	-1	0	-1	0
91622	26960	1	7	200	-1	0	-1	0	-1	0	-1	0	-1	0	-1	0	-1	0	-1	0
91623	26960	1	7	300	-1	0	-1	0	-1	0	-1	0	-1	0	-1	0	-1	0	-1	0
91624	26960	1	7	400	-1	0	-1	0	-1	0	-1	0	-1	0	-1	0	-1	0	-1	0
91625	26960	1	7	500	-1	0	-1	0	-1	0	-1	0	-1	0	-1	0	-1	0	-1	0
91626	26960	1	7	600	-1	0	-1	0	-1	0	-1	0	-1	0	-1	0	-1	0	-1	0
91627	26960	1	7	700	-1	0	-1	0	-1	0	-1	0	-1	0	-1	0	-1	0	-1	0
91628	26960	1	7	800	-1	0	-1	0	-1	0	-1	0	-1	0	-1	0	-1	0	-1	0
91701	26961	1	7	100	-1	0	-1	0	-1	0	-1	0	-1	0	-1	0	-1	0	-1	0
91702	26961	1	7	200	-1	0	-1	0	-1	0	-1	0	-1	0	-1	0	-1	0	-1	0
91703	26961	1	7	300	-1	0	-1	0	-1	0	-1	0	-1	0	-1	0	-1	0	-1	0
91704	26961	1	7	400	-1	0	-1	0	-1	0	-1	0	-1	0	-1	0	-1	0	-1	0
91705	26961	1	7	500	-1	0	-1	0	-1	0	-1	0	-1	0	-1	0	-1	0	-1	0
91706	26961	1	7	600	-1	0	-1	0	-1	0	-1	0	-1	0	-1	0	-1	0	-1	0
91707	26961	1	7	700	-1	0	-1	0	-1	0	-1	0	-1	0	-1	0	-1	0	-1	0
91708	26961	1	7	800	-1	0	-1	0	-1	0	-1	0	-1	0	-1	0	-1	0	-1	0
91711	26962	1	7	100	-1	0	-1	0	-1	0	-1	0	-1	0	-1	0	-1	0	-1	0
91712	26962	1	7	200	-1	0	-1	0	-1	0	-1	0	-1	0	-1	0	-1	0	-1	0
91713	26962	1	7	300	-1	0	-1	0	-1	0	-1	0	-1	0	-1	0	-1	0	-1	0
91714	26962	1	7	400	-1	0	-1	0	-1	0	-1	0	-1	0	-1	0	-1	0	-1	0
91715	26962	1	7	500	-1	0	-1	0	-1	0	-1	0	-1	0	-1	0	-1	0	-1	0
91716	26962	1	7	600	-1	0	-1	0	-1	0	-1	0	-1	0	-1	0	-1	0	-1	0
91717	26962	1	7	700	-1	0	-1	0	-1	0	-1	0	-1	0	-1	0	-1	0	-1	0
91718	26962	1	7	800	-1	0	-1	0	-1	0	-1	0	-1	0	-1	0	-1	0	-1	0
91721	26963	1	7	100	-1	0	-1	0	-1	0	-1	0	-1	0	-1	0	-1	0	-1	0
91722	26963	1	7	200	-1	0	-1	0	-1	0	-1	0	-1	0	-1	0	-1	0	-1	0
91723	26963	1	7	300	-1	0	-1	0	-1	0	-1	0	-1	0	-1	0	-1	0	-1	0
91724	26963	1	7	400	-1	0	-1	0	-1	0	-1	0	-1	0	-1	0	-1	0	-1	0
91725	26963	1	7	500	-1	0	-1	0	-1	0	-1	0	-1	0	-1	0	-1	0	-1	0
91726	26963	1	7	600	-1	0	-1	0	-1	0	-1	0	-1	0	-1	0	-1	0	-1	0
91727	26963	1	7	700	-1	0	-1	0	-1	0	-1	0	-1	0	-1	0	-1	0	-1	0
91728	26963	1	7	800	-1	0	-1	0	-1	0	-1	0	-1	0	-1	0	-1	0	-1	0
91801	26964	1	7	100	-1	0	-1	0	-1	0	-1	0	-1	0	-1	0	-1	0	-1	0
91802	26964	1	7	200	-1	0	-1	0	-1	0	-1	0	-1	0	-1	0	-1	0	-1	0
91803	26964	1	7	300	-1	0	-1	0	-1	0	-1	0	-1	0	-1	0	-1	0	-1	0
91804	26964	1	7	400	-1	0	-1	0	-1	0	-1	0	-1	0	-1	0	-1	0	-1	0
91805	26964	1	7	500	-1	0	-1	0	-1	0	-1	0	-1	0	-1	0	-1	0	-1	0
91806	26964	1	7	600	-1	0	-1	0	-1	0	-1	0	-1	0	-1	0	-1	0	-1	0
91807	26964	1	7	700	-1	0	-1	0	-1	0	-1	0	-1	0	-1	0	-1	0	-1	0
91808	26964	1	7	800	-1	0	-1	0	-1	0	-1	0	-1	0	-1	0	-1	0	-1	0
91811	26965	1	7	100	-1	0	-1	0	-1	0	-1	0	-1	0	-1	0	-1	0	-1	0
91812	26965	1	7	200	-1	0	-1	0	-1	0	-1	0	-1	0	-1	0	-1	0	-1	0
91813	26965	1	7	300	-1	0	-1	0	-1	0	-1	0	-1	0	-1	0	-1	0	-1	0
91814	26965	1	7	400	-1	0	-1	0	-1	0	-1	0	-1	0	-1	0	-1	0	-1	0
91815	26965	1	7	500	-1	0	-1	0	-1	0	-1	0	-1	0	-1	0	-1	0	-1	0
91816	26965	1	7	600	-1	0	-1	0	-1	0	-1	0	-1	0	-1	0	-1	0	-1	0
91817	26965	1	7	700	-1	0	-1	0	-1	0	-1	0	-1	0	-1	0	-1	0	-1	0
91818	26965	1	7	800	-1	0	-1	0	-1	0	-1	0	-1	0	-1	0	-1	0	-1	0
91821	26966	1	7	100	-1	0	-1	0	-1	0	-1	0	-1	0	-1	0	-1	0	-1	0
91822	26966	1	7	200	-1	0	-1	0	-1	0	-1	0	-1	0	-1	0	-1	0	-1	0
91823	26966	1	7	300	-1	0	-1	0	-1	0	-1	0	-1	0	-1	0	-1	0	-1	0
91824	26966	1	7	400	-1	0	-1	0	-1	0	-1	0	-1	0	-1	0	-1	0	-1	0
91825	26966	1	7	500	-1	0	-1	0	-1	0	-1	0	-1	0	-1	0	-1	0	-1	0
91826	26966	1	7	600	-1	0	-1	0	-1	0	-1	0	-1	0	-1	0	-1	0	-1	0
91827	26966	1	7	700	-1	0	-1	0	-1	0	-1	0	-1	0	-1	0	-1	0	-1	0
91828	26966	1	7	800	-1	0	-1	0	-1	0	-1	0	-1	0	-1	0	-1	0	-1	0
91901	26967	1	7	100	-1	0	-1	0	-1	0	-1	0	-1	0	-1	0	-1	0	-1	0
91902	26967	1	7	200	-1	0	-1	0	-1	0	-1	0	-1	0	-1	0	-1	0	-1	0
91903	26967	1	7	300	-1	0	-1	0	-1	0	-1	0	-1	0	-1	0	-1	0	-1	0
91904	26967	1	7	400	-1	0	-1	0	-1	0	-1	0	-1	0	-1	0	-1	0	-1	0
91905	26967	1	7	500	-1	0	-1	0	-1	0	-1	0	-1	0	-1	0	-1	0	-1	0
91906	26967	1	7	600	-1	0	-1	0	-1	0	-1	0	-1	0	-1	0	-1	0	-1	0
91907	26967	1	7	700	-1	0	-1	0	-1	0	-1	0	-1	0	-1	0	-1	0	-1	0
91908	26967	1	7	800	-1	0	-1	0	-1	0	-1	0	-1	0	-1	0	-1	0	-1	0
91931	26968	1	7	100	-1	0	-1	0	-1	0	-1	0	-1	0	-1	0	-1	0	-1	0
91932	26968	1	7	200	-1	0	-1	0	-1	0	-1	0	-1	0	-1	0	-1	0	-1	0
91933	26968	1	7	300	-1	0	-1	0	-1	0	-1	0	-1	0	-1	0	-1	0	-1	0
91934	26968	1	7	400	-1	0	-1	0	-1	0	-1	0	-1	0	-1	0	-1	0	-1	0
91935	26968	1	7	500	-1	0	-1	0	-1	0	-1	0	-1	0	-1	0	-1	0	-1	0
91936	26968	1	7	600	-1	0	-1	0	-1	0	-1	0	-1	0	-1	0	-1	0	-1	0
91937	26968	1	7	700	-1	0	-1	0	-1	0	-1	0	-1	0	-1	0	-1	0	-1	0
91938	26968	1	7	800	-1	0	-1	0	-1	0	-1	0	-1	0	-1	0	-1	0	-1	0
91961	26969	1	7	100	-1	0	-1	0	-1	0	-1	0	-1	0	-1	0	-1	0	-1	0
91962	26969	1	7	200	-1	0	-1	0	-1	0	-1	0	-1	0	-1	0	-1	0	-1	0
91963	26969	1	7	300	-1	0	-1	0	-1	0	-1	0	-1	0	-1	0	-1	0	-1	0
91964	26969	1	7	400	-1	0	-1	0	-1	0	-1	0	-1	0	-1	0	-1	0	-1	0
91965	26969	1	7	500	-1	0	-1	0	-1	0	-1	0	-1	0	-1	0	-1	0	-1	0
91966	26969	1	7	600	-1	0	-1	0	-1	0	-1	0	-1	0	-1	0	-1	0	-1	0
91967	26969	1	7	700	-1	0	-1	0	-1	0	-1	0	-1	0	-1	0	-1	0	-1	0
91968	26969	1	7	800	-1	0	-1	0	-1	0	-1	0	-1	0	-1	0	-1	0	-1	0
92001	26970	1	7	100	-1	0	-1	0	-1	0	-1	0	-1	0	-1	0	-1	0	-1	0
92002	26970	1	7	200	-1	0	-1	0	-1	0	-1	0	-1	0	-1	0	-1	0	-1	0
92003	26970	1	7	300	-1	0	-1	0	-1	0	-1	0	-1	0	-1	0	-1	0	-1	0
92004	26970	1	7	400	-1	0	-1	0	-1	0	-1	0	-1	0	-1	0	-1	0	-1	0
92005	26970	1	7	500	-1	0	-1	0	-1	0	-1	0	-1	0	-1	0	-1	0	-1	0
92006	26970	1	7	600	-1	0	-1	0	-1	0	-1	0	-1	0	-1	0	-1	0	-1	0
92007	26970	1	7	700	-1	0	-1	0	-1	0	-1	0	-1	0	-1	0	-1	0	-1	0
92008	26970	1	7	800	-1	0	-1	0	-1	0	-1	0	-1	0	-1	0	-1	0	-1	0
92031	26971	1	7	100	-1	0	-1	0	-1	0	-1	0	-1	0	-1	0	-1	0	-1	0
92032	26971	1	7	200	-1	0	-1	0	-1	0	-1	0	-1	0	-1	0	-1	0	-1	0
92033	26971	1	7	300	-1	0	-1	0	-1	0	-1	0	-1	0	-1	0	-1	0	-1	0
92034	26971	1	7	400	-1	0	-1	0	-1	0	-1	0	-1	0	-1	0	-1	0	-1	0
92035	26971	1	7	500	-1	0	-1	0	-1	0	-1	0	-1	0	-1	0	-1	0	-1	0
92036	26971	1	7	600	-1	0	-1	0	-1	0	-1	0	-1	0	-1	0	-1	0	-1	0
92037	26971	1	7	700	-1	0	-1	0	-1	0	-1	0	-1	0	-1	0	-1	0	-1	0
92038	26971	1	7	800	-1	0	-1	0	-1	0	-1	0	-1	0	-1	0	-1	0	-1	0
92061	26972	1	7	100	-1	0	-1	0	-1	0	-1	0	-1	0	-1	0	-1	0	-1	0
92062	26972	1	7	200	-1	0	-1	0	-1	0	-1	0	-1	0	-1	0	-1	0	-1	0
92063	26972	1	7	300	-1	0	-1	0	-1	0	-1	0	-1	0	-1	0	-1	0	-1	0
92064	26972	1	7	400	-1	0	-1	0	-1	0	-1	0	-1	0	-1	0	-1	0	-1	0
92065	26972	1	7	500	-1	0	-1	0	-1	0	-1	0	-1	0	-1	0	-1	0	-1	0
92066	26972	1	7	600	-1	0	-1	0	-1	0	-1	0	-1	0	-1	0	-1	0	-1	0
92067	26972	1	7	700	-1	0	-1	0	-1	0	-1	0	-1	0	-1	0	-1	0	-1	0
92068	26972	1	7	800	-1	0	-1	0	-1	0	-1	0	-1	0	-1	0	-1	0	-1	0
92101	26973	1	7	100	-1	0	-1	0	-1	0	-1	0	-1	0	-1	0	-1	0	-1	0
92102	26973	1	7	200	-1	0	-1	0	-1	0	-1	0	-1	0	-1	0	-1	0	-1	0
92103	26973	1	7	300	-1	0	-1	0	-1	0	-1	0	-1	0	-1	0	-1	0	-1	0
92104	26973	1	7	400	-1	0	-1	0	-1	0	-1	0	-1	0	-1	0	-1	0	-1	0
92105	26973	1	7	500	-1	0	-1	0	-1	0	-1	0	-1	0	-1	0	-1	0	-1	0
92106	26973	1	7	600	-1	0	-1	0	-1	0	-1	0	-1	0	-1	0	-1	0	-1	0
92107	26973	1	7	700	-1	0	-1	0	-1	0	-1	0	-1	0	-1	0	-1	0	-1	0
92108	26973	1	7	800	-1	0	-1	0	-1	0	-1	0	-1	0	-1	0	-1	0	-1	0
92131	26974	1	7	100	-1	0	-1	0	-1	0	-1	0	-1	0	-1	0	-1	0	-1	0
92132	26974	1	7	200	-1	0	-1	0	-1	0	-1	0	-1	0	-1	0	-1	0	-1	0
92133	26974	1	7	300	-1	0	-1	0	-1	0	-1	0	-1	0	-1	0	-1	0	-1	0
92134	26974	1	7	400	-1	0	-1	0	-1	0	-1	0	-1	0	-1	0	-1	0	-1	0
92135	26974	1	7	500	-1	0	-1	0	-1	0	-1	0	-1	0	-1	0	-1	0	-1	0
92136	26974	1	7	600	-1	0	-1	0	-1	0	-1	0	-1	0	-1	0	-1	0	-1	0
92137	26974	1	7	700	-1	0	-1	0	-1	0	-1	0	-1	0	-1	0	-1	0	-1	0
92138	26974	1	7	800	-1	0	-1	0	-1	0	-1	0	-1	0	-1	0	-1	0	-1	0
92161	26975	1	7	100	-1	0	-1	0	-1	0	-1	0	-1	0	-1	0	-1	0	-1	0
92162	26975	1	7	200	-1	0	-1	0	-1	0	-1	0	-1	0	-1	0	-1	0	-1	0
92163	26975	1	7	300	-1	0	-1	0	-1	0	-1	0	-1	0	-1	0	-1	0	-1	0
92164	26975	1	7	400	-1	0	-1	0	-1	0	-1	0	-1	0	-1	0	-1	0	-1	0
92165	26975	1	7	500	-1	0	-1	0	-1	0	-1	0	-1	0	-1	0	-1	0	-1	0
92166	26975	1	7	600	-1	0	-1	0	-1	0	-1	0	-1	0	-1	0	-1	0	-1	0
92167	26975	1	7	700	-1	0	-1	0	-1	0	-1	0	-1	0	-1	0	-1	0	-1	0
92168	26975	1	7	800	-1	0	-1	0	-1	0	-1	0	-1	0	-1	0	-1	0	-1	0
92201	26976	1	7	100	-1	0	-1	0	-1	0	-1	0	-1	0	-1	0	-1	0	-1	0
92202	26976	1	7	200	-1	0	-1	0	-1	0	-1	0	-1	0	-1	0	-1	0	-1	0
92203	26976	1	7	300	-1	0	-1	0	-1	0	-1	0	-1	0	-1	0	-1	0	-1	0
92204	26976	1	7	400	-1	0	-1	0	-1	0	-1	0	-1	0	-1	0	-1	0	-1	0
92205	26976	1	7	500	-1	0	-1	0	-1	0	-1	0	-1	0	-1	0	-1	0	-1	0
92206	26976	1	7	600	-1	0	-1	0	-1	0	-1	0	-1	0	-1	0	-1	0	-1	0
92207	26976	1	7	700	-1	0	-1	0	-1	0	-1	0	-1	0	-1	0	-1	0	-1	0
92208	26976	1	7	800	-1	0	-1	0	-1	0	-1	0	-1	0	-1	0	-1	0	-1	0
92231	26977	1	7	100	-1	0	-1	0	-1	0	-1	0	-1	0	-1	0	-1	0	-1	0
92232	26977	1	7	200	-1	0	-1	0	-1	0	-1	0	-1	0	-1	0	-1	0	-1	0
92233	26977	1	7	300	-1	0	-1	0	-1	0	-1	0	-1	0	-1	0	-1	0	-1	0
92234	26977	1	7	400	-1	0	-1	0	-1	0	-1	0	-1	0	-1	0	-1	0	-1	0
92235	26977	1	7	500	-1	0	-1	0	-1	0	-1	0	-1	0	-1	0	-1	0	-1	0
92236	26977	1	7	600	-1	0	-1	0	-1	0	-1	0	-1	0	-1	0	-1	0	-1	0
92237	26977	1	7	700	-1	0	-1	0	-1	0	-1	0	-1	0	-1	0	-1	0	-1	0
92238	26977	1	7	800	-1	0	-1	0	-1	0	-1	0	-1	0	-1	0	-1	0	-1	0
92261	26978	1	7	100	-1	0	-1	0	-1	0	-1	0	-1	0	-1	0	-1	0	-1	0
92262	26978	1	7	200	-1	0	-1	0	-1	0	-1	0	-1	0	-1	0	-1	0	-1	0
92263	26978	1	7	300	-1	0	-1	0	-1	0	-1	0	-1	0	-1	0	-1	0	-1	0
92264	26978	1	7	400	-1	0	-1	0	-1	0	-1	0	-1	0	-1	0	-1	0	-1	0
92265	26978	1	7	500	-1	0	-1	0	-1	0	-1	0	-1	0	-1	0	-1	0	-1	0
92266	26978	1	7	600	-1	0	-1	0	-1	0	-1	0	-1	0	-1	0	-1	0	-1	0
92267	26978	1	7	700	-1	0	-1	0	-1	0	-1	0	-1	0	-1	0	-1	0	-1	0
92268	26978	1	7	800	-1	0	-1	0	-1	0	-1	0	-1	0	-1	0	-1	0	-1	0
92301	26979	1	7	100	-1	0	-1	0	-1	0	-1	0	-1	0	-1	0	-1	0	-1	0
92302	26979	1	7	200	-1	0	-1	0	-1	0	-1	0	-1	0	-1	0	-1	0	-1	0
92303	26979	1	7	300	-1	0	-1	0	-1	0	-1	0	-1	0	-1	0	-1	0	-1	0
92304	26979	1	7	400	-1	0	-1	0	-1	0	-1	0	-1	0	-1	0	-1	0	-1	0
92305	26979	1	7	500	-1	0	-1	0	-1	0	-1	0	-1	0	-1	0	-1	0	-1	0
92306	26979	1	7	600	-1	0	-1	0	-1	0	-1	0	-1	0	-1	0	-1	0	-1	0
92307	26979	1	7	700	-1	0	-1	0	-1	0	-1	0	-1	0	-1	0	-1	0	-1	0
92308	26979	1	7	800	-1	0	-1	0	-1	0	-1	0	-1	0	-1	0	-1	0	-1	0
92331	26980	1	7	100	-1	0	-1	0	-1	0	-1	0	-1	0	-1	0	-1	0	-1	0
92332	26980	1	7	200	-1	0	-1	0	-1	0	-1	0	-1	0	-1	0	-1	0	-1	0
92333	26980	1	7	300	-1	0	-1	0	-1	0	-1	0	-1	0	-1	0	-1	0	-1	0
92334	26980	1	7	400	-1	0	-1	0	-1	0	-1	0	-1	0	-1	0	-1	0	-1	0
92335	26980	1	7	500	-1	0	-1	0	-1	0	-1	0	-1	0	-1	0	-1	0	-1	0
92336	26980	1	7	600	-1	0	-1	0	-1	0	-1	0	-1	0	-1	0	-1	0	-1	0
92337	26980	1	7	700	-1	0	-1	0	-1	0	-1	0	-1	0	-1	0	-1	0	-1	0
92338	26980	1	7	800	-1	0	-1	0	-1	0	-1	0	-1	0	-1	0	-1	0	-1	0
92361	26981	1	7	100	-1	0	-1	0	-1	0	-1	0	-1	0	-1	0	-1	0	-1	0
92362	26981	1	7	200	-1	0	-1	0	-1	0	-1	0	-1	0	-1	0	-1	0	-1	0
92363	26981	1	7	300	-1	0	-1	0	-1	0	-1	0	-1	0	-1	0	-1	0	-1	0
92364	26981	1	7	400	-1	0	-1	0	-1	0	-1	0	-1	0	-1	0	-1	0	-1	0
92365	26981	1	7	500	-1	0	-1	0	-1	0	-1	0	-1	0	-1	0	-1	0	-1	0
92366	26981	1	7	600	-1	0	-1	0	-1	0	-1	0	-1	0	-1	0	-1	0	-1	0
92367	26981	1	7	700	-1	0	-1	0	-1	0	-1	0	-1	0	-1	0	-1	0	-1	0
92368	26981	1	7	800	-1	0	-1	0	-1	0	-1	0	-1	0	-1	0	-1	0	-1	0
92401	26982	1	7	100	-1	0	-1	0	-1	0	-1	0	-1	0	-1	0	-1	0	-1	0
92402	26982	1	7	200	-1	0	-1	0	-1	0	-1	0	-1	0	-1	0	-1	0	-1	0
92403	26982	1	7	300	-1	0	-1	0	-1	0	-1	0	-1	0	-1	0	-1	0	-1	0
92404	26982	1	7	400	-1	0	-1	0	-1	0	-1	0	-1	0	-1	0	-1	0	-1	0
92405	26982	1	7	500	-1	0	-1	0	-1	0	-1	0	-1	0	-1	0	-1	0	-1	0
92406	26982	1	7	600	-1	0	-1	0	-1	0	-1	0	-1	0	-1	0	-1	0	-1	0
92407	26982	1	7	700	-1	0	-1	0	-1	0	-1	0	-1	0	-1	0	-1	0	-1	0
92408	26982	1	7	800	-1	0	-1	0	-1	0	-1	0	-1	0	-1	0	-1	0	-1	0
92421	26983	1	7	100	-1	0	-1	0	-1	0	-1	0	-1	0	-1	0	-1	0	-1	0
92422	26983	1	7	200	-1	0	-1	0	-1	0	-1	0	-1	0	-1	0	-1	0	-1	0
92423	26983	1	7	300	-1	0	-1	0	-1	0	-1	0	-1	0	-1	0	-1	0	-1	0
92424	26983	1	7	400	-1	0	-1	0	-1	0	-1	0	-1	0	-1	0	-1	0	-1	0
92425	26983	1	7	500	-1	0	-1	0	-1	0	-1	0	-1	0	-1	0	-1	0	-1	0
92426	26983	1	7	600	-1	0	-1	0	-1	0	-1	0	-1	0	-1	0	-1	0	-1	0
92427	26983	1	7	700	-1	0	-1	0	-1	0	-1	0	-1	0	-1	0	-1	0	-1	0
92428	26983	1	7	800	-1	0	-1	0	-1	0	-1	0	-1	0	-1	0	-1	0	-1	0
92441	26984	1	7	100	-1	0	-1	0	-1	0	-1	0	-1	0	-1	0	-1	0	-1	0
92442	26984	1	7	200	-1	0	-1	0	-1	0	-1	0	-1	0	-1	0	-1	0	-1	0
92443	26984	1	7	300	-1	0	-1	0	-1	0	-1	0	-1	0	-1	0	-1	0	-1	0
92444	26984	1	7	400	-1	0	-1	0	-1	0	-1	0	-1	0	-1	0	-1	0	-1	0
92445	26984	1	7	500	-1	0	-1	0	-1	0	-1	0	-1	0	-1	0	-1	0	-1	0
92446	26984	1	7	600	-1	0	-1	0	-1	0	-1	0	-1	0	-1	0	-1	0	-1	0
92447	26984	1	7	700	-1	0	-1	0	-1	0	-1	0	-1	0	-1	0	-1	0	-1	0
92448	26984	1	7	800	-1	0	-1	0	-1	0	-1	0	-1	0	-1	0	-1	0	-1	0
92501	26985	1	7	100	-1	0	-1	0	-1	0	-1	0	-1	0	-1	0	-1	0	-1	0
92502	26985	1	7	200	-1	0	-1	0	-1	0	-1	0	-1	0	-1	0	-1	0	-1	0
92503	26985	1	7	300	-1	0	-1	0	-1	0	-1	0	-1	0	-1	0	-1	0	-1	0
92504	26985	1	7	400	-1	0	-1	0	-1	0	-1	0	-1	0	-1	0	-1	0	-1	0
92505	26985	1	7	500	-1	0	-1	0	-1	0	-1	0	-1	0	-1	0	-1	0	-1	0
92506	26985	1	7	600	-1	0	-1	0	-1	0	-1	0	-1	0	-1	0	-1	0	-1	0
92507	26985	1	7	700	-1	0	-1	0	-1	0	-1	0	-1	0	-1	0	-1	0	-1	0
92508	26985	1	7	800	-1	0	-1	0	-1	0	-1	0	-1	0	-1	0	-1	0	-1	0
92531	26986	1	7	100	-1	0	-1	0	-1	0	-1	0	-1	0	-1	0	-1	0	-1	0
92532	26986	1	7	200	-1	0	-1	0	-1	0	-1	0	-1	0	-1	0	-1	0	-1	0
92533	26986	1	7	300	-1	0	-1	0	-1	0	-1	0	-1	0	-1	0	-1	0	-1	0
92534	26986	1	7	400	-1	0	-1	0	-1	0	-1	0	-1	0	-1	0	-1	0	-1	0
92535	26986	1	7	500	-1	0	-1	0	-1	0	-1	0	-1	0	-1	0	-1	0	-1	0
92536	26986	1	7	600	-1	0	-1	0	-1	0	-1	0	-1	0	-1	0	-1	0	-1	0
92537	26986	1	7	700	-1	0	-1	0	-1	0	-1	0	-1	0	-1	0	-1	0	-1	0
92538	26986	1	7	800	-1	0	-1	0	-1	0	-1	0	-1	0	-1	0	-1	0	-1	0
92561	26987	1	7	100	-1	0	-1	0	-1	0	-1	0	-1	0	-1	0	-1	0	-1	0
92562	26987	1	7	200	-1	0	-1	0	-1	0	-1	0	-1	0	-1	0	-1	0	-1	0
92563	26987	1	7	300	-1	0	-1	0	-1	0	-1	0	-1	0	-1	0	-1	0	-1	0
92564	26987	1	7	400	-1	0	-1	0	-1	0	-1	0	-1	0	-1	0	-1	0	-1	0
92565	26987	1	7	500	-1	0	-1	0	-1	0	-1	0	-1	0	-1	0	-1	0	-1	0
92566	26987	1	7	600	-1	0	-1	0	-1	0	-1	0	-1	0	-1	0	-1	0	-1	0
92567	26987	1	7	700	-1	0	-1	0	-1	0	-1	0	-1	0	-1	0	-1	0	-1	0
92568	26987	1	7	800	-1	0	-1	0	-1	0	-1	0	-1	0	-1	0	-1	0	-1	0
92601	26988	1	7	100	-1	0	-1	0	-1	0	-1	0	-1	0	-1	0	-1	0	-1	0
92602	26988	1	7	200	-1	0	-1	0	-1	0	-1	0	-1	0	-1	0	-1	0	-1	0
92603	26988	1	7	300	-1	0	-1	0	-1	0	-1	0	-1	0	-1	0	-1	0	-1	0
92604	26988	1	7	400	-1	0	-1	0	-1	0	-1	0	-1	0	-1	0	-1	0	-1	0
92605	26988	1	7	500	-1	0	-1	0	-1	0	-1	0	-1	0	-1	0	-1	0	-1	0
92606	26988	1	7	600	-1	0	-1	0	-1	0	-1	0	-1	0	-1	0	-1	0	-1	0
92607	26988	1	7	700	-1	0	-1	0	-1	0	-1	0	-1	0	-1	0	-1	0	-1	0
92608	26988	1	7	800	-1	0	-1	0	-1	0	-1	0	-1	0	-1	0	-1	0	-1	0
92621	26989	1	7	100	-1	0	-1	0	-1	0	-1	0	-1	0	-1	0	-1	0	-1	0
92622	26989	1	7	200	-1	0	-1	0	-1	0	-1	0	-1	0	-1	0	-1	0	-1	0
92623	26989	1	7	300	-1	0	-1	0	-1	0	-1	0	-1	0	-1	0	-1	0	-1	0
92624	26989	1	7	400	-1	0	-1	0	-1	0	-1	0	-1	0	-1	0	-1	0	-1	0
92625	26989	1	7	500	-1	0	-1	0	-1	0	-1	0	-1	0	-1	0	-1	0	-1	0
92626	26989	1	7	600	-1	0	-1	0	-1	0	-1	0	-1	0	-1	0	-1	0	-1	0
92627	26989	1	7	700	-1	0	-1	0	-1	0	-1	0	-1	0	-1	0	-1	0	-1	0
92628	26989	1	7	800	-1	0	-1	0	-1	0	-1	0	-1	0	-1	0	-1	0	-1	0
92641	26990	1	7	100	-1	0	-1	0	-1	0	-1	0	-1	0	-1	0	-1	0	-1	0
92642	26990	1	7	200	-1	0	-1	0	-1	0	-1	0	-1	0	-1	0	-1	0	-1	0
92643	26990	1	7	300	-1	0	-1	0	-1	0	-1	0	-1	0	-1	0	-1	0	-1	0
92644	26990	1	7	400	-1	0	-1	0	-1	0	-1	0	-1	0	-1	0	-1	0	-1	0
92645	26990	1	7	500	-1	0	-1	0	-1	0	-1	0	-1	0	-1	0	-1	0	-1	0
92646	26990	1	7	600	-1	0	-1	0	-1	0	-1	0	-1	0	-1	0	-1	0	-1	0
92647	26990	1	7	700	-1	0	-1	0	-1	0	-1	0	-1	0	-1	0	-1	0	-1	0
92648	26990	1	7	800	-1	0	-1	0	-1	0	-1	0	-1	0	-1	0	-1	0	-1	0
