INT	INT	INT	INT	INT	INT	INT	INT	INT	INT	INT	INT	INT	INT	INT	INT	INT	INT	INT	INT	INT	INT	INT	INT	INT
等级	数量_白	数量_绿	数量_蓝	数量_紫	数量_橙	颜色_白	颜色_绿	颜色_蓝	颜色_紫	颜色_橙	等级差异-3	等级差异-2	等级差异-1	等级差异+0	价值_白	价值_绿	价值_蓝	价值_紫	价值_橙	需求_白	需求_绿	需求_蓝	需求_紫	需求_橙
0	4	1	0	0	0	60	30	10	0	0	0	0	0	100	20	20	20	20	20	74	78	82	98	106
1	4	1	0	0	0	60	30	10	0	0	0	0	0	100	25	30	38	48	61	78	82	87	106	115
2	4	1	0	0	0	60	30	10	0	0	0	0	0	100	30	41	56	77	103	83	89	94	116	127
3	4	1	0	0	0	60	30	10	0	0	0	0	0	100	36	52	76	107	147	90	96	103	130	143
4	4	1	0	0	0	60	30	10	0	0	0	0	0	100	42	63	96	139	193	98	106	114	146	162
5	4	1	0	0	0	60	30	10	0	0	0	0	60	40	48	75	116	171	240	108	117	127	166	185
6	4	1	0	0	0	60	30	10	0	0	0	0	60	40	54	87	138	205	289	119	131	142	188	211
7	3	1	0	0	0	60	30	10	0	0	0	0	60	40	60	100	160	239	339	132	145	159	214	241
8	3	1	0	0	0	60	30	10	0	0	0	0	60	40	66	113	182	275	391	146	162	178	242	274
9	3	1	0	0	0	60	30	10	0	0	0	0	60	40	73	126	206	312	445	162	180	199	274	311
10	3	1	0	0	0	60	30	10	0	0	0	40	45	15	80	140	230	350	500	179	201	222	308	351
11	2	2	0	0	0	60	30	10	0	0	0	40	45	15	87	154	255	389	557	198	222	247	346	395
12	2	2	0	0	0	60	30	10	0	0	0	40	45	15	94	169	280	429	615	218	246	274	386	442
13	2	2	0	0	0	30	40	20	10	0	0	40	45	15	102	184	307	470	675	240	271	303	430	493
14	2	2	0	0	0	30	40	20	10	0	0	40	45	15	110	199	334	513	737	263	299	334	476	547
15	2	2	1	0	0	30	40	20	10	0	0	40	45	15	118	215	361	556	800	288	327	367	526	605
16	2	2	1	0	0	30	40	20	10	0	0	40	45	15	126	231	390	601	865	314	358	402	578	666
17	1	2	1	0	0	30	40	20	10	0	0	40	45	15	134	248	419	646	931	342	390	439	634	731
18	1	2	1	0	0	30	40	20	10	0	0	40	45	15	142	265	448	693	999	371	425	478	692	799
19	1	2	1	0	0	30	40	20	10	0	0	40	45	15	151	282	479	741	1069	402	460	519	754	871
20	1	2	1	0	0	30	40	20	10	0	0	40	45	15	160	300	510	790	1140	434	498	562	818	946
21	1	2	1	0	0	30	40	20	10	0	0	40	45	15	169	318	542	840	1213	468	537	607	886	1025
22	1	2	1	0	0	30	40	20	10	0	0	40	45	15	178	337	574	891	1287	503	579	654	956	1107
23	1	2	2	0	0	30	40	20	10	0	0	40	45	15	188	356	608	943	1363	540	621	703	1030	1193
24	1	2	2	0	0	30	40	20	10	0	0	40	45	15	198	375	642	997	1441	578	666	754	1106	1282
25	1	2	2	0	0	0	30	45	15	10	0	40	45	15	208	395	676	1051	1520	618	712	807	1186	1375
26	1	2	2	0	0	0	30	45	15	10	0	40	45	15	218	415	712	1107	1601	659	761	862	1268	1471
27	1	2	2	0	0	0	30	45	15	10	0	40	45	15	228	436	748	1163	1683	702	810	919	1354	1571
28	1	1	2	0	0	0	30	45	15	10	0	40	45	15	238	457	784	1221	1767	746	862	978	1442	1674
29	1	1	2	0	0	0	30	45	15	10	0	40	45	15	249	478	822	1280	1853	792	915	1039	1534	1781
30	1	1	2	0	0	0	30	45	15	10	0	40	45	15	260	500	860	1340	1940	839	971	1102	1628	1891
31	1	1	2	0	0	0	30	45	15	10	0	40	45	15	271	522	899	1401	2029	888	1027	1167	1726	2005
32	1	1	2	0	0	0	30	45	15	10	0	40	45	15	282	545	938	1463	2119	938	1086	1234	1826	2122
33	1	1	2	0	0	0	30	45	15	10	0	40	45	15	294	568	979	1526	2211	990	1146	1303	1930	2243
34	1	1	2	0	0	0	30	45	15	10	0	40	45	15	306	591	1020	1591	2305	1043	1209	1374	2036	2367
35	1	1	2	1	0	0	30	45	15	10	0	40	45	15	318	615	1061	1656	2400	1098	1272	1447	2146	2495
36	1	1	2	1	0	0	30	45	15	10	0	40	45	15	330	639	1104	1723	2497	1154	1338	1522	2258	2626
37	1	1	2	1	0	0	25	38	25	12	0	40	45	15	342	664	1147	1790	2595	1212	1405	1599	2374	2761
38	1	1	2	1	0	0	25	38	25	12	0	40	45	15	354	689	1190	1859	2695	1271	1475	1678	2492	2899
39	1	1	2	1	0	0	25	38	25	12	0	40	45	15	367	714	1235	1929	2797	1332	1545	1759	2614	3041
40	1	1	2	1	0	0	25	38	25	12	0	40	45	15	380	740	1280	2000	2900	1394	1618	1842	2738	3186
41	1	1	2	1	0	0	25	38	25	12	0	40	45	15	393	766	1326	2072	3005	1458	1692	1927	2866	3335
42	1	0	1	1	1	0	25	38	25	12	0	40	45	15	406	793	1372	2145	3111	1523	1769	2014	2996	3487
43	1	0	1	1	1	0	25	38	25	12	0	40	45	15	420	820	1420	2219	3219	1590	1846	2103	3130	3643
44	1	0	1	1	1	0	25	38	25	12	0	40	45	15	434	847	1468	2295	3329	1658	1926	2194	3266	3802
45	1	0	1	1	1	0	25	38	25	12	0	40	45	15	448	875	1516	2371	3440	1728	2007	2287	3406	3965
46	1	0	1	1	1	0	25	38	25	12	0	40	45	15	462	903	1566	2449	3553	1799	2091	2382	3548	4131
47	1	0	1	1	1	0	25	38	25	12	0	40	45	15	476	932	1616	2527	3667	1872	2175	2479	3694	4301
48	1	0	1	1	1	0	25	38	25	12	0	40	45	15	490	961	1666	2607	3783	1946	2262	2578	3842	4474
49	1	0	1	1	1	0	20	35	35	15	0	40	45	15	505	990	1718	2688	3901	2022	2350	2679	3994	4651
50	1	0	1	1	1	0	20	35	35	15	0	40	45	15	520	1020	1770	2770	4020	2099	2441	2782	4148	4831
51	1	0	1	1	1	0	20	35	35	15	0	40	45	15	535	1050	1823	2853	4141	2178	2532	2887	4306	5015
52	1	0	1	1	1	0	20	35	35	15	0	40	45	15	550	1081	1876	2937	4263	2258	2626	2994	4466	5202
53	1	0	1	1	1	0	20	35	35	15	0	40	45	15	566	1112	1931	3022	4387	2340	2721	3103	4630	5393
54	1	0	1	1	1	0	20	35	35	15	0	40	45	15	582	1143	1986	3109	4513	2423	2819	3214	4796	5587
55	1	0	1	1	1	0	20	35	35	15	0	40	45	15	598	1175	2041	3196	4640	2508	2917	3327	4966	5785
56	1	0	1	1	1	0	20	35	35	15	0	40	45	15	614	1207	2098	3285	4769	2594	3018	3442	5138	5986
57	1	0	1	1	1	0	20	35	35	15	0	40	45	15	630	1240	2155	3374	4899	2682	3120	3559	5314	6191
58	1	0	1	1	1	0	20	35	35	15	0	40	45	15	646	1273	2212	3465	5031	2771	3225	3678	5492	6399
59	1	0	1	1	1	0	20	35	35	15	0	40	45	15	663	1306	2271	3557	5165	2862	3330	3799	5674	6611
60	1	0	1	1	1	0	20	35	35	15	0	40	45	15	680	1340	2330	3650	5300	2954	3438	3922	5858	6826
