INT	INT	INT	INT	INT	INT	INT	INT	INT	INT	INT	INT	INT	INT	INT	INT	INT	INT	INT	INT	INT	INT	INT	INT	INT	INT	INT	INT	INT	INT	INT	INT	INT	INT	INT	INT	INT	INT	INT	INT	INT	INT	INT	INT
阶段ID	进入阶段操作类型1	操作1参数1	操作1参数2	进入阶段操作类型2	操作2参数1	操作2参数2	进入阶段操作类型3	操作3参数1	操作3参数2	进入阶段操作类型4	操作4参数1	操作4参数2	切换阶段条件1	条件1参数1	条件1参数2	信息参数1	切换阶段条件2	条件2参数1	条件2参数2	信息参数2	切换阶段条件3	条件3参数1	条件3参数2	信息参数3	切换阶段条件4	条件4参数1	条件4参数2	信息参数4	进入的阶段ID	进入阶段是否清除旧的击杀计数	副本信息1类型	副本信息1参数1	副本信息1参数2	副本信息2类型	副本信息2参数1	副本信息2参数2	副本信息3类型	副本信息3参数1	副本信息3参数2	副本信息4类型	副本信息4参数1	副本信息4参数2	延迟（毫秒）执行下一阶段
0	3	4	30	-1	-1	-1	-1	-1	-1	-1	-1	-1	-1	-1	-1	0	-1	-1	-1	-1	-1	-1	-1	-1	-1	-1	-1	-1	-1	1	6	40021	-1	-1	-1	-1	-1	-1	-1	-1	-1	-1	-1
1	3	4	30	-1	-1	-1	-1	-1	-1	-1	-1	-1	-1	-1	-1	0	-1	-1	-1	-1	-1	-1	-1	-1	-1	-1	-1	-1	-1	1	6	40022	-1	-1	-1	-1	-1	-1	-1	-1	-1	-1	-1
2	3	4	2	-1	-1	-1	-1	-1	-1	-1	-1	-1	-1	-1	-1	0	-1	-1	-1	-1	-1	-1	-1	-1	-1	-1	-1	-1	-1	1	6	40021	-1	-1	-1	-1	-1	-1	-1	-1	-1	-1	-1
3	3	4	3	-1	-1	-1	-1	-1	-1	-1	-1	-1	-1	-1	-1	-1	-1	-1	-1	-1	-1	-1	-1	-1	-1	-1	-1	-1	-1	1	6	40021	-1	-1	-1	-1	-1	-1	-1	-1	-1	-1	-1
4	3	4	120	-1	-1	-1	-1	-1	-1	-1	-1	-1	-1	-1	-1	0	-1	-1	-1	-1	-1	-1	-1	-1	-1	-1	-1	-1	-1	1	6	40021	-1	-1	-1	-1	-1	-1	-1	-1	-1	-1	-1
5	3	4	4	-1	-1	-1	-1	-1	-1	-1	-1	-1	-1	-1	-1	0	-1	-1	-1	-1	-1	-1	-1	-1	-1	-1	-1	-1	-1	1	6	40021	-1	-1	-1	-1	-1	-1	-1	-1	-1	-1	-1
100	-1	-1	-1	-1	-1	-1	-1	-1	-1	-1	-1	-1	0	10000	4	0	-1	-1	-1	-1	-1	-1	-1	-1	-1	-1	-1	-1	102	1	0	40011	4	-1	-1	-1	-1	-1	-1	-1	-1	-1	-1
101	0	60000	1	-1	-1	-1	-1	-1	-1	-1	-1	-1	0	10007	3	0	-1	-1	-1	-1	-1	-1	-1	-1	-1	-1	-1	-1	102	0	0	40011	7	-1	-1	-1	-1	-1	-1	-1	-1	-1	-1
102	0	60001	1	-1	-1	-1	-1	-1	-1	-1	-1	-1	0	10001	3	0	-1	-1	-1	-1	-1	-1	-1	-1	-1	-1	-1	-1	104	1	0	40012	3	-1	-1	-1	-1	-1	-1	-1	-1	-1	-1
103	-1	-1	-1	-1	-1	-1	-1	-1	-1	-1	-1	-1	1	10002	1	0	-1	-1	-1	-1	-1	-1	-1	-1	-1	-1	-1	-1	-1	1	0	40013	1	-1	-1	-1	-1	-1	-1	-1	-1	-1	-1
104	0	60002	1	1	999	1500	2	10002	1	-1	-1	-1	0	10003	1	0	-1	-1	-1	-1	-1	-1	-1	-1	-1	-1	-1	-1	0	1	0	40014	1	-1	-1	-1	-1	-1	-1	-1	-1	-1	-1
110	-1	-1	-1	-1	-1	-1	-1	-1	-1	-1	-1	-1	0	10024	4	0	-1	-1	-1	-1	-1	-1	-1	-1	-1	-1	-1	-1	112	1	0	40011	4	-1	-1	-1	-1	-1	-1	-1	-1	-1	-1
111	0	60003	1	-1	-1	-1	-1	-1	-1	-1	-1	-1	0	10028	3	0	-1	-1	-1	-1	-1	-1	-1	-1	-1	-1	-1	-1	112	0	0	40011	7	-1	-1	-1	-1	-1	-1	-1	-1	-1	-1
112	0	60004	1	-1	-1	-1	-1	-1	-1	-1	-1	-1	0	10025	3	0	-1	-1	-1	-1	-1	-1	-1	-1	-1	-1	-1	-1	114	1	0	40012	3	-1	-1	-1	-1	-1	-1	-1	-1	-1	-1
113	-1	-1	-1	-1	-1	-1	-1	-1	-1	-1	-1	-1	1	10007	1	0	-1	-1	-1	-1	-1	-1	-1	-1	-1	-1	-1	-1	-1	1	0	40013	1	-1	-1	-1	-1	-1	-1	-1	-1	-1	-1
114	0	60005	1	1	999	1500	2	10007	1	-1	-1	-1	0	10027	1	0	-1	-1	-1	-1	-1	-1	-1	-1	-1	-1	-1	-1	0	1	0	40014	1	-1	-1	-1	-1	-1	-1	-1	-1	-1	-1
120	-1	-1	-1	-1	-1	-1	-1	-1	-1	-1	-1	-1	0	10031	4	0	-1	-1	-1	-1	-1	-1	-1	-1	-1	-1	-1	-1	122	1	0	40011	4	-1	-1	-1	-1	-1	-1	-1	-1	-1	-1
121	0	60006	1	-1	-1	-1	-1	-1	-1	-1	-1	-1	0	10035	3	0	-1	-1	-1	-1	-1	-1	-1	-1	-1	-1	-1	-1	122	0	0	40011	7	-1	-1	-1	-1	-1	-1	-1	-1	-1	-1
122	0	60007	1	-1	-1	-1	-1	-1	-1	-1	-1	-1	0	10032	3	0	-1	-1	-1	-1	-1	-1	-1	-1	-1	-1	-1	-1	124	1	0	40012	3	-1	-1	-1	-1	-1	-1	-1	-1	-1	-1
123	-1	-1	-1	-1	-1	-1	-1	-1	-1	-1	-1	-1	1	10012	1	0	-1	-1	-1	-1	-1	-1	-1	-1	-1	-1	-1	-1	-1	1	0	40013	1	-1	-1	-1	-1	-1	-1	-1	-1	-1	-1
124	0	60008	1	1	999	1500	2	10012	1	-1	-1	-1	0	10034	1	0	-1	-1	-1	-1	-1	-1	-1	-1	-1	-1	-1	-1	0	1	0	40014	1	-1	-1	-1	-1	-1	-1	-1	-1	-1	-1
130	-1	-1	-1	-1	-1	-1	-1	-1	-1	-1	-1	-1	0	10011	5	0	-1	-1	-1	-1	-1	-1	-1	-1	-1	-1	-1	-1	131	1	0	40015	5	-1	-1	-1	-1	-1	-1	-1	-1	-1	-1
131	0	60009	1	-1	-1	-1	-1	-1	-1	-1	-1	-1	0	10012	4	0	-1	-1	-1	-1	-1	-1	-1	-1	-1	-1	-1	-1	132	1	0	40016	4	-1	-1	-1	-1	-1	-1	-1	-1	-1	-1
132	0	60010	1	-1	-1	-1	-1	-1	-1	-1	-1	-1	0	10013	1	0	-1	-1	-1	-1	-1	-1	-1	-1	-1	-1	-1	-1	0	1	0	40017	1	-1	-1	-1	-1	-1	-1	-1	-1	-1	-1
140	-1	-1	-1	-1	-1	-1	-1	-1	-1	-1	-1	-1	0	10039	5	0	-1	-1	-1	-1	-1	-1	-1	-1	-1	-1	-1	-1	141	1	0	40015	5	-1	-1	-1	-1	-1	-1	-1	-1	-1	-1
141	0	60011	1	-1	-1	-1	-1	-1	-1	-1	-1	-1	0	10040	4	0	-1	-1	-1	-1	-1	-1	-1	-1	-1	-1	-1	-1	142	1	0	40016	4	-1	-1	-1	-1	-1	-1	-1	-1	-1	-1
142	0	60012	1	-1	-1	-1	-1	-1	-1	-1	-1	-1	0	10041	1	0	-1	-1	-1	-1	-1	-1	-1	-1	-1	-1	-1	-1	0	1	0	40017	1	-1	-1	-1	-1	-1	-1	-1	-1	-1	-1
150	-1	-1	-1	-1	-1	-1	-1	-1	-1	-1	-1	-1	0	10043	5	0	-1	-1	-1	-1	-1	-1	-1	-1	-1	-1	-1	-1	151	1	0	40015	5	-1	-1	-1	-1	-1	-1	-1	-1	-1	-1
151	0	60013	1	-1	-1	-1	-1	-1	-1	-1	-1	-1	0	10044	4	0	-1	-1	-1	-1	-1	-1	-1	-1	-1	-1	-1	-1	152	1	0	40016	4	-1	-1	-1	-1	-1	-1	-1	-1	-1	-1
152	0	60014	1	-1	-1	-1	-1	-1	-1	-1	-1	-1	0	10045	1	0	-1	-1	-1	-1	-1	-1	-1	-1	-1	-1	-1	-1	0	1	0	40017	1	-1	-1	-1	-1	-1	-1	-1	-1	-1	-1
160	-1	-1	-1	-1	-1	-1	-1	-1	-1	-1	-1	-1	0	10049	4	0	-1	-1	-1	-1	-1	-1	-1	-1	-1	-1	-1	-1	161	1	0	40018	4	-1	-1	-1	-1	-1	-1	-1	-1	-1	-1
161	1	999	-1	2	10030	-1	-1	-1	-1	-1	-1	-1	0	10050	4	0	-1	-1	-1	-1	-1	-1	-1	-1	-1	-1	-1	-1	162	1	0	40019	4	-1	-1	-1	-1	-1	-1	-1	-1	-1	-1
162	0	60015	1	-1	-1	-1	-1	-1	-1	-1	-1	-1	0	10051	1	0	-1	-1	-1	-1	-1	-1	-1	-1	-1	-1	-1	-1	0	1	0	40020	1	-1	-1	-1	-1	-1	-1	-1	-1	-1	-1
170	-1	-1	-1	-1	-1	-1	-1	-1	-1	-1	-1	-1	0	10053	4	0	-1	-1	-1	-1	-1	-1	-1	-1	-1	-1	-1	-1	171	1	0	40018	4	-1	-1	-1	-1	-1	-1	-1	-1	-1	-1
171	1	999	-1	2	10031	-1	-1	-1	-1	-1	-1	-1	0	10054	4	0	-1	-1	-1	-1	-1	-1	-1	-1	-1	-1	-1	-1	172	1	0	40019	4	-1	-1	-1	-1	-1	-1	-1	-1	-1	-1
172	0	60016	1	-1	-1	-1	-1	-1	-1	-1	-1	-1	0	10055	1	0	-1	-1	-1	-1	-1	-1	-1	-1	-1	-1	-1	-1	0	1	0	40020	1	-1	-1	-1	-1	-1	-1	-1	-1	-1	-1
180	-1	-1	-1	-1	-1	-1	-1	-1	-1	-1	-1	-1	0	10057	4	0	-1	-1	-1	-1	-1	-1	-1	-1	-1	-1	-1	-1	181	1	0	40018	4	-1	-1	-1	-1	-1	-1	-1	-1	-1	-1
181	1	999	-1	2	10032	-1	-1	-1	-1	-1	-1	-1	0	10058	4	0	-1	-1	-1	-1	-1	-1	-1	-1	-1	-1	-1	-1	182	1	0	40019	4	-1	-1	-1	-1	-1	-1	-1	-1	-1	-1
182	0	60017	1	-1	-1	-1	-1	-1	-1	-1	-1	-1	0	10059	1	0	-1	-1	-1	-1	-1	-1	-1	-1	-1	-1	-1	-1	0	1	0	40020	1	-1	-1	-1	-1	-1	-1	-1	-1	-1	-1
190	-1	-1	-1	-1	-1	-1	-1	-1	-1	-1	-1	-1	0	10060	4	0	-1	-1	-1	-1	-1	-1	-1	-1	-1	-1	-1	-1	191	1	0	40024	4	-1	-1	-1	-1	-1	-1	-1	-1	-1	-1
191	0	60030	1	-1	-1	-1	-1	-1	-1	-1	-1	-1	0	10061	4	0	-1	-1	-1	-1	-1	-1	-1	-1	-1	-1	-1	-1	192	1	0	40025	4	-1	-1	-1	-1	-1	-1	-1	-1	-1	-1
192	0	60031	1	-1	-1	-1	-1	-1	-1	-1	-1	-1	0	10062	4	0	-1	-1	-1	-1	-1	-1	-1	-1	-1	-1	-1	-1	193	1	0	40026	4	-1	-1	-1	-1	-1	-1	-1	-1	-1	-1
193	0	60032	1	-1	-1	-1	-1	-1	-1	-1	-1	-1	0	10063	1	0	-1	-1	-1	-1	-1	-1	-1	-1	-1	-1	-1	-1	0	1	0	40027	1	-1	-1	-1	-1	-1	-1	-1	-1	-1	-1
200	-1	-1	-1	-1	-1	-1	-1	-1	-1	-1	-1	-1	0	10064	4	0	-1	-1	-1	-1	-1	-1	-1	-1	-1	-1	-1	-1	201	1	0	40024	4	-1	-1	-1	-1	-1	-1	-1	-1	-1	-1
201	0	60040	1	-1	-1	-1	-1	-1	-1	-1	-1	-1	0	10065	4	0	-1	-1	-1	-1	-1	-1	-1	-1	-1	-1	-1	-1	202	1	0	40025	4	-1	-1	-1	-1	-1	-1	-1	-1	-1	-1
202	0	60041	1	-1	-1	-1	-1	-1	-1	-1	-1	-1	0	10066	4	0	-1	-1	-1	-1	-1	-1	-1	-1	-1	-1	-1	-1	203	1	0	40026	4	-1	-1	-1	-1	-1	-1	-1	-1	-1	-1
203	0	60042	1	-1	-1	-1	-1	-1	-1	-1	-1	-1	0	10067	1	0	-1	-1	-1	-1	-1	-1	-1	-1	-1	-1	-1	-1	0	1	0	40027	1	-1	-1	-1	-1	-1	-1	-1	-1	-1	-1
210	-1	-1	-1	-1	-1	-1	-1	-1	-1	-1	-1	-1	0	10068	4	0	-1	-1	-1	-1	-1	-1	-1	-1	-1	-1	-1	-1	211	1	0	40024	4	-1	-1	-1	-1	-1	-1	-1	-1	-1	-1
211	0	60050	1	-1	-1	-1	-1	-1	-1	-1	-1	-1	0	10069	4	0	-1	-1	-1	-1	-1	-1	-1	-1	-1	-1	-1	-1	212	1	0	40025	4	-1	-1	-1	-1	-1	-1	-1	-1	-1	-1
212	0	60051	1	-1	-1	-1	-1	-1	-1	-1	-1	-1	0	10070	4	0	-1	-1	-1	-1	-1	-1	-1	-1	-1	-1	-1	-1	213	1	0	40026	4	-1	-1	-1	-1	-1	-1	-1	-1	-1	-1
213	0	60052	1	-1	-1	-1	-1	-1	-1	-1	-1	-1	0	10071	1	0	-1	-1	-1	-1	-1	-1	-1	-1	-1	-1	-1	-1	0	1	0	40027	1	-1	-1	-1	-1	-1	-1	-1	-1	-1	-1
220	-1	-1	-1	-1	-1	-1	-1	-1	-1	-1	-1	-1	0	10072	5	0	-1	-1	-1	-1	-1	-1	-1	-1	-1	-1	-1	-1	221	1	0	40045	5	-1	-1	-1	-1	-1	-1	-1	-1	-1	-1
221	0	60060	1	-1	-1	-1	-1	-1	-1	-1	-1	-1	0	10073	4	0	-1	-1	-1	-1	-1	-1	-1	-1	-1	-1	-1	-1	222	1	0	40046	4	-1	-1	-1	-1	-1	-1	-1	-1	-1	-1
222	0	60061	1	-1	-1	-1	-1	-1	-1	-1	-1	-1	0	10074	3	0	-1	-1	-1	-1	-1	-1	-1	-1	-1	-1	-1	-1	223	1	0	40047	3	-1	-1	-1	-1	-1	-1	-1	-1	-1	-1
223	0	60062	1	-1	-1	-1	-1	-1	-1	-1	-1	-1	0	10075	1	0	-1	-1	-1	-1	-1	-1	-1	-1	-1	-1	-1	-1	0	1	0	40048	1	-1	-1	-1	-1	-1	-1	-1	-1	-1	-1
230	-1	-1	-1	-1	-1	-1	-1	-1	-1	-1	-1	-1	0	10076	5	0	-1	-1	-1	-1	-1	-1	-1	-1	-1	-1	-1	-1	231	1	0	40045	5	-1	-1	-1	-1	-1	-1	-1	-1	-1	-1
231	0	60070	1	-1	-1	-1	-1	-1	-1	-1	-1	-1	0	10077	4	0	-1	-1	-1	-1	-1	-1	-1	-1	-1	-1	-1	-1	232	1	0	40046	4	-1	-1	-1	-1	-1	-1	-1	-1	-1	-1
232	0	60071	1	-1	-1	-1	-1	-1	-1	-1	-1	-1	0	10078	3	0	-1	-1	-1	-1	-1	-1	-1	-1	-1	-1	-1	-1	233	1	0	40047	3	-1	-1	-1	-1	-1	-1	-1	-1	-1	-1
233	0	60072	1	-1	-1	-1	-1	-1	-1	-1	-1	-1	0	10079	1	0	-1	-1	-1	-1	-1	-1	-1	-1	-1	-1	-1	-1	0	1	0	40048	1	-1	-1	-1	-1	-1	-1	-1	-1	-1	-1
240	-1	-1	-1	-1	-1	-1	-1	-1	-1	-1	-1	-1	0	10080	5	0	-1	-1	-1	-1	-1	-1	-1	-1	-1	-1	-1	-1	241	1	0	40045	5	-1	-1	-1	-1	-1	-1	-1	-1	-1	-1
241	0	60080	1	-1	-1	-1	-1	-1	-1	-1	-1	-1	0	10081	4	0	-1	-1	-1	-1	-1	-1	-1	-1	-1	-1	-1	-1	242	1	0	40046	4	-1	-1	-1	-1	-1	-1	-1	-1	-1	-1
242	0	60081	1	-1	-1	-1	-1	-1	-1	-1	-1	-1	0	10082	3	0	-1	-1	-1	-1	-1	-1	-1	-1	-1	-1	-1	-1	243	1	0	40047	3	-1	-1	-1	-1	-1	-1	-1	-1	-1	-1
243	0	60082	1	-1	-1	-1	-1	-1	-1	-1	-1	-1	0	10083	1	0	-1	-1	-1	-1	-1	-1	-1	-1	-1	-1	-1	-1	0	1	0	40048	1	-1	-1	-1	-1	-1	-1	-1	-1	-1	-1
250	-1	-1	-1	-1	-1	-1	-1	-1	-1	-1	-1	-1	0	10084	5	0	-1	-1	-1	-1	-1	-1	-1	-1	-1	-1	-1	-1	251	1	0	40049	5	-1	-1	-1	-1	-1	-1	-1	-1	-1	-1
251	0	60090	1	-1	-1	-1	-1	-1	-1	-1	-1	-1	0	10085	4	0	-1	-1	-1	-1	-1	-1	-1	-1	-1	-1	-1	-1	252	1	0	40050	4	-1	-1	-1	-1	-1	-1	-1	-1	-1	-1
252	0	60091	1	-1	-1	-1	-1	-1	-1	-1	-1	-1	0	10086	3	0	-1	-1	-1	-1	-1	-1	-1	-1	-1	-1	-1	-1	253	1	0	40051	3	-1	-1	-1	-1	-1	-1	-1	-1	-1	-1
253	0	60092	1	-1	-1	-1	-1	-1	-1	-1	-1	-1	0	10087	1	0	-1	-1	-1	-1	-1	-1	-1	-1	-1	-1	-1	-1	0	1	0	40052	1	-1	-1	-1	-1	-1	-1	-1	-1	-1	-1
260	-1	-1	-1	-1	-1	-1	-1	-1	-1	-1	-1	-1	0	10088	5	0	-1	-1	-1	-1	-1	-1	-1	-1	-1	-1	-1	-1	261	1	0	40049	5	-1	-1	-1	-1	-1	-1	-1	-1	-1	-1
261	0	60100	1	-1	-1	-1	-1	-1	-1	-1	-1	-1	0	10089	4	0	-1	-1	-1	-1	-1	-1	-1	-1	-1	-1	-1	-1	262	1	0	40050	4	-1	-1	-1	-1	-1	-1	-1	-1	-1	-1
262	0	60101	1	-1	-1	-1	-1	-1	-1	-1	-1	-1	0	10090	3	0	-1	-1	-1	-1	-1	-1	-1	-1	-1	-1	-1	-1	263	1	0	40051	3	-1	-1	-1	-1	-1	-1	-1	-1	-1	-1
263	0	60102	1	-1	-1	-1	-1	-1	-1	-1	-1	-1	0	10091	1	0	-1	-1	-1	-1	-1	-1	-1	-1	-1	-1	-1	-1	0	1	0	40052	1	-1	-1	-1	-1	-1	-1	-1	-1	-1	-1
270	-1	-1	-1	-1	-1	-1	-1	-1	-1	-1	-1	-1	0	10092	5	0	-1	-1	-1	-1	-1	-1	-1	-1	-1	-1	-1	-1	271	1	0	40049	5	-1	-1	-1	-1	-1	-1	-1	-1	-1	-1
271	0	60110	1	-1	-1	-1	-1	-1	-1	-1	-1	-1	0	10093	4	0	-1	-1	-1	-1	-1	-1	-1	-1	-1	-1	-1	-1	272	1	0	40050	4	-1	-1	-1	-1	-1	-1	-1	-1	-1	-1
272	0	60111	1	-1	-1	-1	-1	-1	-1	-1	-1	-1	0	10094	3	0	-1	-1	-1	-1	-1	-1	-1	-1	-1	-1	-1	-1	273	1	0	40051	3	-1	-1	-1	-1	-1	-1	-1	-1	-1	-1
273	0	60112	1	-1	-1	-1	-1	-1	-1	-1	-1	-1	0	10095	1	0	-1	-1	-1	-1	-1	-1	-1	-1	-1	-1	-1	-1	0	1	0	40052	1	-1	-1	-1	-1	-1	-1	-1	-1	-1	-1
280	-1	-1	-1	-1	-1	-1	-1	-1	-1	-1	-1	-1	0	10200	4	0	-1	-1	-1	-1	-1	-1	-1	-1	-1	-1	-1	-1	281	1	0	43000	4	-1	-1	-1	-1	-1	-1	-1	-1	-1	-1
281	0	60120	1	-1	-1	-1	-1	-1	-1	-1	-1	-1	0	10201	4	0	-1	-1	-1	-1	-1	-1	-1	-1	-1	-1	-1	-1	282	1	0	43001	4	-1	-1	-1	-1	-1	-1	-1	-1	-1	-1
282	0	60121	1	-1	-1	-1	-1	-1	-1	-1	-1	-1	0	10202	4	0	-1	-1	-1	-1	-1	-1	-1	-1	-1	-1	-1	-1	283	1	0	43002	4	-1	-1	-1	-1	-1	-1	-1	-1	-1	-1
283	0	60122	1	-1	-1	-1	-1	-1	-1	-1	-1	-1	0	10204	1	0	-1	-1	-1	-1	-1	-1	-1	-1	-1	-1	-1	-1	0	1	0	43003	1	-1	-1	-1	-1	-1	-1	-1	-1	-1	-1
290	-1	-1	-1	-1	-1	-1	-1	-1	-1	-1	-1	-1	0	10205	4	0	-1	-1	-1	-1	-1	-1	-1	-1	-1	-1	-1	-1	291	1	0	43004	4	-1	-1	-1	-1	-1	-1	-1	-1	-1	-1
291	0	60130	1	-1	-1	-1	-1	-1	-1	-1	-1	-1	0	10206	4	0	-1	-1	-1	-1	-1	-1	-1	-1	-1	-1	-1	-1	292	1	0	43005	4	-1	-1	-1	-1	-1	-1	-1	-1	-1	-1
292	0	60131	1	-1	-1	-1	-1	-1	-1	-1	-1	-1	0	10207	4	0	-1	-1	-1	-1	-1	-1	-1	-1	-1	-1	-1	-1	293	1	0	43006	4	-1	-1	-1	-1	-1	-1	-1	-1	-1	-1
293	0	60132	1	-1	-1	-1	-1	-1	-1	-1	-1	-1	0	10209	1	0	-1	-1	-1	-1	-1	-1	-1	-1	-1	-1	-1	-1	0	1	0	43007	1	-1	-1	-1	-1	-1	-1	-1	-1	-1	-1
300	-1	-1	-1	-1	-1	-1	-1	-1	-1	-1	-1	-1	0	10210	4	0	-1	-1	-1	-1	-1	-1	-1	-1	-1	-1	-1	-1	301	1	0	43008	4	-1	-1	-1	-1	-1	-1	-1	-1	-1	-1
301	0	60140	1	-1	-1	-1	-1	-1	-1	-1	-1	-1	0	10211	4	0	-1	-1	-1	-1	-1	-1	-1	-1	-1	-1	-1	-1	302	1	0	43009	4	-1	-1	-1	-1	-1	-1	-1	-1	-1	-1
302	0	60141	1	-1	-1	-1	-1	-1	-1	-1	-1	-1	0	10212	4	0	-1	-1	-1	-1	-1	-1	-1	-1	-1	-1	-1	-1	303	1	0	43010	4	-1	-1	-1	-1	-1	-1	-1	-1	-1	-1
303	0	60142	1	-1	-1	-1	-1	-1	-1	-1	-1	-1	0	10214	1	0	-1	-1	-1	-1	-1	-1	-1	-1	-1	-1	-1	-1	0	1	0	43011	1	-1	-1	-1	-1	-1	-1	-1	-1	-1	-1
998	-1	-1	-1	-1	-1	-1	-1	-1	-1	-1	-1	-1	-1	-1	-1	-1	-1	-1	-1	-1	-1	-1	-1	-1	-1	-1	-1	-1	1000	1	10	224001	5	-1	-1	-1	-1	-1	-1	-1	-1	-1	-1
999	-1	-1	-1	-1	-1	-1	-1	-1	-1	-1	-1	-1	-1	-1	-1	-1	-1	-1	-1	-1	-1	-1	-1	-1	-1	-1	-1	-1	1000	1	10	241000	5	-1	-1	-1	-1	-1	-1	-1	-1	-1	-1
1000	5	220432	1	0	61000	10	0	61001	20	-1	-1	-1	0	-1	30	0	-1	-1	-1	-1	-1	-1	-1	-1	-1	-1	-1	-1	1001	1	0	40004	30	-1	-1	-1	-1	-1	-1	-1	-1	-1	-1
1001	5	220433	1	0	61002	20	0	61003	10	-1	-1	-1	0	-1	30	0	-1	-1	-1	-1	-1	-1	-1	-1	-1	-1	-1	-1	1002	1	0	40005	30	-1	-1	-1	-1	-1	-1	-1	-1	-1	-1
1002	5	220434	1	0	61004	10	-1	-1	-1	-1	-1	-1	0	-1	30	0	-1	-1	-1	-1	-1	-1	-1	-1	-1	-1	-1	-1	1003	1	0	40006	30	-1	-1	-1	-1	-1	-1	-1	-1	-1	-1
1003	5	220435	1	0	61005	10	-1	-1	-1	-1	-1	-1	0	-1	30	0	-1	-1	-1	-1	-1	-1	-1	-1	-1	-1	-1	-1	1004	1	0	40007	30	-1	-1	-1	-1	-1	-1	-1	-1	-1	-1
1004	5	220436	1	0	61006	5	0	61007	1	-1	-1	-1	0	85005	1	0	-1	-1	-1	-1	-1	-1	-1	-1	-1	-1	-1	-1	1	1	0	40008	1	-1	-1	-1	-1	-1	-1	-1	-1	-1	-1
1008	-1	-1	-1	-1	-1	-1	-1	-1	-1	-1	-1	-1	-1	-1	-1	-1	-1	-1	-1	-1	-1	-1	-1	-1	-1	-1	-1	-1	1010	1	10	224001	5	-1	-1	-1	-1	-1	-1	-1	-1	-1	-1
1009	-1	-1	-1	-1	-1	-1	-1	-1	-1	-1	-1	-1	-1	-1	-1	-1	-1	-1	-1	-1	-1	-1	-1	-1	-1	-1	-1	-1	1010	1	10	241000	5	-1	-1	-1	-1	-1	-1	-1	-1	-1	-1
1010	5	220432	1	0	61008	20	0	61009	40	-1	-1	-1	0	-1	50	0	-1	-1	-1	-1	-1	-1	-1	-1	-1	-1	-1	-1	1011	1	0	40004	50	-1	-1	-1	-1	-1	-1	-1	-1	-1	-1
1011	5	220433	1	0	61010	40	0	61011	20	-1	-1	-1	0	-1	50	0	-1	-1	-1	-1	-1	-1	-1	-1	-1	-1	-1	-1	1012	1	0	40005	50	-1	-1	-1	-1	-1	-1	-1	-1	-1	-1
1012	5	220434	1	0	61012	20	-1	-1	-1	-1	-1	-1	0	-1	50	0	-1	-1	-1	-1	-1	-1	-1	-1	-1	-1	-1	-1	1013	1	0	40006	50	-1	-1	-1	-1	-1	-1	-1	-1	-1	-1
1013	5	220435	1	0	61013	20	-1	-1	-1	-1	-1	-1	0	-1	50	0	-1	-1	-1	-1	-1	-1	-1	-1	-1	-1	-1	-1	1014	1	0	40007	50	-1	-1	-1	-1	-1	-1	-1	-1	-1	-1
1014	5	220436	1	0	61014	20	0	61015	2	-1	-1	-1	0	85105	2	0	-1	-1	-1	-1	-1	-1	-1	-1	-1	-1	-1	-1	1	1	0	40008	2	-1	-1	-1	-1	-1	-1	-1	-1	-1	-1
1019	-1	-1	-1	-1	-1	-1	-1	-1	-1	-1	-1	-1	-1	-1	-1	-1	-1	-1	-1	-1	-1	-1	-1	-1	-1	-1	-1	-1	1020	1	10	241000	5	-1	-1	-1	-1	-1	-1	-1	-1	-1	-1
1020	5	220432	1	0	61016	20	0	61017	40	-1	-1	-1	0	-1	50	0	-1	-1	-1	-1	-1	-1	-1	-1	-1	-1	-1	-1	1021	1	0	40004	50	-1	-1	-1	-1	-1	-1	-1	-1	-1	-1
1021	5	220433	1	0	61018	40	0	61019	20	-1	-1	-1	0	-1	50	0	-1	-1	-1	-1	-1	-1	-1	-1	-1	-1	-1	-1	1022	1	0	40005	50	-1	-1	-1	-1	-1	-1	-1	-1	-1	-1
1022	5	220434	1	0	61020	20	-1	-1	-1	-1	-1	-1	0	-1	50	0	-1	-1	-1	-1	-1	-1	-1	-1	-1	-1	-1	-1	1023	1	0	40006	50	-1	-1	-1	-1	-1	-1	-1	-1	-1	-1
1023	5	220435	1	0	61021	20	-1	-1	-1	-1	-1	-1	0	-1	50	0	-1	-1	-1	-1	-1	-1	-1	-1	-1	-1	-1	-1	1024	1	0	40007	50	-1	-1	-1	-1	-1	-1	-1	-1	-1	-1
1024	5	220436	1	0	61022	20	0	61023	2	-1	-1	-1	0	85205	2	0	-1	-1	-1	-1	-1	-1	-1	-1	-1	-1	-1	-1	1	1	0	40008	2	-1	-1	-1	-1	-1	-1	-1	-1	-1	-1
1029	-1	-1	-1	-1	-1	-1	-1	-1	-1	-1	-1	-1	-1	-1	-1	-1	-1	-1	-1	-1	-1	-1	-1	-1	-1	-1	-1	-1	1030	1	10	241000	5	-1	-1	-1	-1	-1	-1	-1	-1	-1	-1
1030	5	220432	1	0	61024	20	0	61025	40	-1	-1	-1	0	-1	50	0	-1	-1	-1	-1	-1	-1	-1	-1	-1	-1	-1	-1	1031	1	0	40004	50	-1	-1	-1	-1	-1	-1	-1	-1	-1	-1
1031	5	220433	1	0	61026	40	0	61027	20	-1	-1	-1	0	-1	50	0	-1	-1	-1	-1	-1	-1	-1	-1	-1	-1	-1	-1	1032	1	0	40005	50	-1	-1	-1	-1	-1	-1	-1	-1	-1	-1
1032	5	220434	1	0	61028	20	-1	-1	-1	-1	-1	-1	0	-1	50	0	-1	-1	-1	-1	-1	-1	-1	-1	-1	-1	-1	-1	1033	1	0	40006	50	-1	-1	-1	-1	-1	-1	-1	-1	-1	-1
1033	5	220435	1	0	61029	20	-1	-1	-1	-1	-1	-1	0	-1	50	0	-1	-1	-1	-1	-1	-1	-1	-1	-1	-1	-1	-1	1034	1	0	40007	50	-1	-1	-1	-1	-1	-1	-1	-1	-1	-1
1034	5	220436	1	0	61030	20	0	61031	2	-1	-1	-1	0	85305	2	0	-1	-1	-1	-1	-1	-1	-1	-1	-1	-1	-1	-1	1	1	0	40008	2	-1	-1	-1	-1	-1	-1	-1	-1	-1	-1
1039	-1	-1	-1	-1	-1	-1	-1	-1	-1	-1	-1	-1	-1	-1	-1	-1	-1	-1	-1	-1	-1	-1	-1	-1	-1	-1	-1	-1	1040	1	10	241000	5	-1	-1	-1	-1	-1	-1	-1	-1	-1	-1
1040	5	220432	1	0	61032	20	0	61033	40	-1	-1	-1	0	-1	50	0	-1	-1	-1	-1	-1	-1	-1	-1	-1	-1	-1	-1	1041	1	0	40004	50	-1	-1	-1	-1	-1	-1	-1	-1	-1	-1
1041	5	220433	1	0	61034	40	0	61035	20	-1	-1	-1	0	-1	50	0	-1	-1	-1	-1	-1	-1	-1	-1	-1	-1	-1	-1	1042	1	0	40005	50	-1	-1	-1	-1	-1	-1	-1	-1	-1	-1
1042	5	220434	1	0	61036	20	-1	-1	-1	-1	-1	-1	0	-1	50	0	-1	-1	-1	-1	-1	-1	-1	-1	-1	-1	-1	-1	1043	1	0	40006	50	-1	-1	-1	-1	-1	-1	-1	-1	-1	-1
1043	5	220435	1	0	61037	20	-1	-1	-1	-1	-1	-1	0	-1	50	0	-1	-1	-1	-1	-1	-1	-1	-1	-1	-1	-1	-1	1044	1	0	40007	50	-1	-1	-1	-1	-1	-1	-1	-1	-1	-1
1044	5	220436	1	0	61038	20	0	61039	2	-1	-1	-1	0	85405	2	0	-1	-1	-1	-1	-1	-1	-1	-1	-1	-1	-1	-1	1	1	0	40008	2	-1	-1	-1	-1	-1	-1	-1	-1	-1	-1
1049	-1	-1	-1	-1	-1	-1	-1	-1	-1	-1	-1	-1	-1	-1	-1	-1	-1	-1	-1	-1	-1	-1	-1	-1	-1	-1	-1	-1	1050	1	10	241000	5	-1	-1	-1	-1	-1	-1	-1	-1	-1	-1
1050	5	220432	1	0	61040	20	0	61041	40	-1	-1	-1	0	-1	50	0	-1	-1	-1	-1	-1	-1	-1	-1	-1	-1	-1	-1	1051	1	0	40004	50	-1	-1	-1	-1	-1	-1	-1	-1	-1	-1
1051	5	220433	1	0	61042	40	0	61043	20	-1	-1	-1	0	-1	50	0	-1	-1	-1	-1	-1	-1	-1	-1	-1	-1	-1	-1	1052	1	0	40005	50	-1	-1	-1	-1	-1	-1	-1	-1	-1	-1
1052	5	220434	1	0	61044	20	-1	-1	-1	-1	-1	-1	0	-1	50	0	-1	-1	-1	-1	-1	-1	-1	-1	-1	-1	-1	-1	1053	1	0	40006	50	-1	-1	-1	-1	-1	-1	-1	-1	-1	-1
1053	5	220435	1	0	61045	20	-1	-1	-1	-1	-1	-1	0	-1	50	0	-1	-1	-1	-1	-1	-1	-1	-1	-1	-1	-1	-1	1054	1	0	40007	50	-1	-1	-1	-1	-1	-1	-1	-1	-1	-1
1054	5	220436	1	0	61046	20	0	61047	2	-1	-1	-1	0	85505	2	0	-1	-1	-1	-1	-1	-1	-1	-1	-1	-1	-1	-1	1	1	0	40008	2	-1	-1	-1	-1	-1	-1	-1	-1	-1	-1
1059	-1	-1	-1	-1	-1	-1	-1	-1	-1	-1	-1	-1	-1	-1	-1	-1	-1	-1	-1	-1	-1	-1	-1	-1	-1	-1	-1	-1	1060	1	10	241000	5	-1	-1	-1	-1	-1	-1	-1	-1	-1	-1
1060	5	220432	1	0	61048	20	0	61049	40	-1	-1	-1	0	-1	50	0	-1	-1	-1	-1	-1	-1	-1	-1	-1	-1	-1	-1	1061	1	0	40004	50	-1	-1	-1	-1	-1	-1	-1	-1	-1	-1
1061	5	220433	1	0	61050	40	0	61051	20	-1	-1	-1	0	-1	50	0	-1	-1	-1	-1	-1	-1	-1	-1	-1	-1	-1	-1	1062	1	0	40005	50	-1	-1	-1	-1	-1	-1	-1	-1	-1	-1
1062	5	220434	1	0	61052	20	-1	-1	-1	-1	-1	-1	0	-1	50	0	-1	-1	-1	-1	-1	-1	-1	-1	-1	-1	-1	-1	1063	1	0	40006	50	-1	-1	-1	-1	-1	-1	-1	-1	-1	-1
1063	5	220435	1	0	61053	20	-1	-1	-1	-1	-1	-1	0	-1	50	0	-1	-1	-1	-1	-1	-1	-1	-1	-1	-1	-1	-1	1064	1	0	40007	50	-1	-1	-1	-1	-1	-1	-1	-1	-1	-1
1064	5	220436	1	0	61054	20	0	61055	2	-1	-1	-1	0	85605	2	0	-1	-1	-1	-1	-1	-1	-1	-1	-1	-1	-1	-1	1	1	0	40008	2	-1	-1	-1	-1	-1	-1	-1	-1	-1	-1
1069	-1	-1	-1	-1	-1	-1	-1	-1	-1	-1	-1	-1	-1	-1	-1	-1	-1	-1	-1	-1	-1	-1	-1	-1	-1	-1	-1	-1	1070	1	10	241000	5	-1	-1	-1	-1	-1	-1	-1	-1	-1	-1
1070	5	220432	1	0	61056	20	0	61057	40	-1	-1	-1	0	-1	50	0	-1	-1	-1	-1	-1	-1	-1	-1	-1	-1	-1	-1	1071	1	0	40004	50	-1	-1	-1	-1	-1	-1	-1	-1	-1	-1
1071	5	220433	1	0	61058	40	0	61059	20	-1	-1	-1	0	-1	50	0	-1	-1	-1	-1	-1	-1	-1	-1	-1	-1	-1	-1	1072	1	0	40005	50	-1	-1	-1	-1	-1	-1	-1	-1	-1	-1
1072	5	220434	1	0	61060	20	-1	-1	-1	-1	-1	-1	0	-1	50	0	-1	-1	-1	-1	-1	-1	-1	-1	-1	-1	-1	-1	1073	1	0	40006	50	-1	-1	-1	-1	-1	-1	-1	-1	-1	-1
1073	5	220435	1	0	61061	20	-1	-1	-1	-1	-1	-1	0	-1	50	0	-1	-1	-1	-1	-1	-1	-1	-1	-1	-1	-1	-1	1074	1	0	40007	50	-1	-1	-1	-1	-1	-1	-1	-1	-1	-1
1074	5	220436	1	0	61062	20	0	61063	2	-1	-1	-1	0	85705	2	0	-1	-1	-1	-1	-1	-1	-1	-1	-1	-1	-1	-1	1	1	0	40008	2	-1	-1	-1	-1	-1	-1	-1	-1	-1	-1
1999	-1	-1	-1	-1	-1	-1	-1	-1	-1	-1	-1	-1	-1	-1	-1	-1	-1	-1	-1	-1	-1	-1	-1	-1	-1	-1	-1	-1	2000	1	10	241000	5	-1	-1	-1	-1	-1	-1	-1	-1	-1	-1
2000	5	220458	1	1	997	-1	-1	-1	-1	-1	-1	-1	0	-1	20	0	-1	-1	-1	-1	-1	-1	-1	-1	-1	-1	-1	-1	2001	1	0	40071	20	-1	-1	-1	-1	-1	-1	-1	-1	-1	-1
2001	5	220459	1	0	62008	1	-1	-1	-1	-1	-1	-1	0	80003	1	0	-1	-1	-1	-1	-1	-1	-1	-1	-1	-1	-1	-1	2002	1	0	40072	1	-1	-1	-1	-1	-1	-1	-1	-1	-1	-1
2002	5	220460	1	0	62016	1	-1	-1	-1	-1	-1	-1	0	80004	1	0	-1	-1	-1	-1	-1	-1	-1	-1	-1	-1	-1	-1	2003	1	0	40073	1	-1	-1	-1	-1	-1	-1	-1	-1	-1	-1
2003	5	220461	1	0	62024	1	-1	-1	-1	-1	-1	-1	0	80005	1	0	-1	-1	-1	-1	-1	-1	-1	-1	-1	-1	-1	-1	2004	1	0	40074	1	-1	-1	-1	-1	-1	-1	-1	-1	-1	-1
2004	5	220462	1	0	62000	1	-1	-1	-1	-1	-1	-1	0	80006	1	0	-1	-1	-1	-1	-1	-1	-1	-1	-1	-1	-1	-1	1	1	0	40075	1	-1	-1	-1	-1	-1	-1	-1	-1	-1	-1
2009	-1	-1	-1	-1	-1	-1	-1	-1	-1	-1	-1	-1	-1	-1	-1	-1	-1	-1	-1	-1	-1	-1	-1	-1	-1	-1	-1	-1	2010	1	10	241000	5	-1	-1	-1	-1	-1	-1	-1	-1	-1	-1
2010	5	220458	1	1	997	-1	-1	-1	-1	-1	-1	-1	0	-1	60	0	-1	-1	-1	-1	-1	-1	-1	-1	-1	-1	-1	-1	2011	1	0	40071	60	-1	-1	-1	-1	-1	-1	-1	-1	-1	-1
2011	5	220459	1	0	62009	1	-1	-1	-1	-1	-1	-1	0	80103	1	0	-1	-1	-1	-1	-1	-1	-1	-1	-1	-1	-1	-1	2012	1	0	40072	1	-1	-1	-1	-1	-1	-1	-1	-1	-1	-1
2012	5	220460	1	0	62017	1	-1	-1	-1	-1	-1	-1	0	80104	1	0	-1	-1	-1	-1	-1	-1	-1	-1	-1	-1	-1	-1	2013	1	0	40073	1	-1	-1	-1	-1	-1	-1	-1	-1	-1	-1
2013	5	220461	1	0	62025	1	-1	-1	-1	-1	-1	-1	0	80105	1	0	-1	-1	-1	-1	-1	-1	-1	-1	-1	-1	-1	-1	2014	1	0	40074	1	-1	-1	-1	-1	-1	-1	-1	-1	-1	-1
2014	5	220462	1	0	62001	1	-1	-1	-1	-1	-1	-1	0	80106	1	0	-1	-1	-1	-1	-1	-1	-1	-1	-1	-1	-1	-1	1	1	0	40075	1	-1	-1	-1	-1	-1	-1	-1	-1	-1	-1
2019	-1	-1	-1	-1	-1	-1	-1	-1	-1	-1	-1	-1	-1	-1	-1	-1	-1	-1	-1	-1	-1	-1	-1	-1	-1	-1	-1	-1	2020	1	10	241000	5	-1	-1	-1	-1	-1	-1	-1	-1	-1	-1
2020	5	220458	1	1	997	-1	-1	-1	-1	-1	-1	-1	0	-1	60	0	-1	-1	-1	-1	-1	-1	-1	-1	-1	-1	-1	-1	2021	1	0	40071	60	-1	-1	-1	-1	-1	-1	-1	-1	-1	-1
2021	5	220459	1	0	62010	1	-1	-1	-1	-1	-1	-1	0	80203	1	0	-1	-1	-1	-1	-1	-1	-1	-1	-1	-1	-1	-1	2022	1	0	40072	1	-1	-1	-1	-1	-1	-1	-1	-1	-1	-1
2022	5	220460	1	0	62018	1	-1	-1	-1	-1	-1	-1	0	80204	1	0	-1	-1	-1	-1	-1	-1	-1	-1	-1	-1	-1	-1	2023	1	0	40073	1	-1	-1	-1	-1	-1	-1	-1	-1	-1	-1
2023	5	220461	1	0	62026	1	-1	-1	-1	-1	-1	-1	0	80205	1	0	-1	-1	-1	-1	-1	-1	-1	-1	-1	-1	-1	-1	2024	1	0	40074	1	-1	-1	-1	-1	-1	-1	-1	-1	-1	-1
2024	5	220462	1	0	62002	1	-1	-1	-1	-1	-1	-1	0	80206	1	0	-1	-1	-1	-1	-1	-1	-1	-1	-1	-1	-1	-1	1	1	0	40075	1	-1	-1	-1	-1	-1	-1	-1	-1	-1	-1
2029	-1	-1	-1	-1	-1	-1	-1	-1	-1	-1	-1	-1	-1	-1	-1	-1	-1	-1	-1	-1	-1	-1	-1	-1	-1	-1	-1	-1	2030	1	10	241000	5	-1	-1	-1	-1	-1	-1	-1	-1	-1	-1
2030	5	220458	1	1	997	-1	-1	-1	-1	-1	-1	-1	0	-1	60	0	-1	-1	-1	-1	-1	-1	-1	-1	-1	-1	-1	-1	2031	1	0	40071	60	-1	-1	-1	-1	-1	-1	-1	-1	-1	-1
2031	5	220459	1	0	62011	1	-1	-1	-1	-1	-1	-1	0	80303	1	0	-1	-1	-1	-1	-1	-1	-1	-1	-1	-1	-1	-1	2032	1	0	40072	1	-1	-1	-1	-1	-1	-1	-1	-1	-1	-1
2032	5	220460	1	0	62019	1	-1	-1	-1	-1	-1	-1	0	80304	1	0	-1	-1	-1	-1	-1	-1	-1	-1	-1	-1	-1	-1	2033	1	0	40073	1	-1	-1	-1	-1	-1	-1	-1	-1	-1	-1
2033	5	220461	1	0	62027	1	-1	-1	-1	-1	-1	-1	0	80305	1	0	-1	-1	-1	-1	-1	-1	-1	-1	-1	-1	-1	-1	2034	1	0	40074	1	-1	-1	-1	-1	-1	-1	-1	-1	-1	-1
2034	5	220462	1	0	62003	1	-1	-1	-1	-1	-1	-1	0	80306	1	0	-1	-1	-1	-1	-1	-1	-1	-1	-1	-1	-1	-1	1	1	0	40075	1	-1	-1	-1	-1	-1	-1	-1	-1	-1	-1
2039	-1	-1	-1	-1	-1	-1	-1	-1	-1	-1	-1	-1	-1	-1	-1	-1	-1	-1	-1	-1	-1	-1	-1	-1	-1	-1	-1	-1	2040	1	10	241000	5	-1	-1	-1	-1	-1	-1	-1	-1	-1	-1
2040	5	220458	1	1	997	-1	-1	-1	-1	-1	-1	-1	0	-1	60	0	-1	-1	-1	-1	-1	-1	-1	-1	-1	-1	-1	-1	2041	1	0	40071	60	-1	-1	-1	-1	-1	-1	-1	-1	-1	-1
2041	5	220459	1	0	62012	1	-1	-1	-1	-1	-1	-1	0	80403	1	0	-1	-1	-1	-1	-1	-1	-1	-1	-1	-1	-1	-1	2042	1	0	40072	1	-1	-1	-1	-1	-1	-1	-1	-1	-1	-1
2042	5	220460	1	0	62020	1	-1	-1	-1	-1	-1	-1	0	80404	1	0	-1	-1	-1	-1	-1	-1	-1	-1	-1	-1	-1	-1	2043	1	0	40073	1	-1	-1	-1	-1	-1	-1	-1	-1	-1	-1
2043	5	220461	1	0	62028	1	-1	-1	-1	-1	-1	-1	0	80405	1	0	-1	-1	-1	-1	-1	-1	-1	-1	-1	-1	-1	-1	2044	1	0	40074	1	-1	-1	-1	-1	-1	-1	-1	-1	-1	-1
2044	5	220462	1	0	62004	1	-1	-1	-1	-1	-1	-1	0	80406	1	0	-1	-1	-1	-1	-1	-1	-1	-1	-1	-1	-1	-1	1	1	0	40075	1	-1	-1	-1	-1	-1	-1	-1	-1	-1	-1
2049	-1	-1	-1	-1	-1	-1	-1	-1	-1	-1	-1	-1	-1	-1	-1	-1	-1	-1	-1	-1	-1	-1	-1	-1	-1	-1	-1	-1	2050	1	10	241000	5	-1	-1	-1	-1	-1	-1	-1	-1	-1	-1
2050	5	220458	1	1	997	-1	-1	-1	-1	-1	-1	-1	0	-1	60	0	-1	-1	-1	-1	-1	-1	-1	-1	-1	-1	-1	-1	2051	1	0	40071	60	-1	-1	-1	-1	-1	-1	-1	-1	-1	-1
2051	5	220459	1	0	62013	1	-1	-1	-1	-1	-1	-1	0	80503	1	0	-1	-1	-1	-1	-1	-1	-1	-1	-1	-1	-1	-1	2052	1	0	40072	1	-1	-1	-1	-1	-1	-1	-1	-1	-1	-1
2052	5	220460	1	0	62021	1	-1	-1	-1	-1	-1	-1	0	80504	1	0	-1	-1	-1	-1	-1	-1	-1	-1	-1	-1	-1	-1	2053	1	0	40073	1	-1	-1	-1	-1	-1	-1	-1	-1	-1	-1
2053	5	220461	1	0	62029	1	-1	-1	-1	-1	-1	-1	0	80505	1	0	-1	-1	-1	-1	-1	-1	-1	-1	-1	-1	-1	-1	2054	1	0	40074	1	-1	-1	-1	-1	-1	-1	-1	-1	-1	-1
2054	5	220462	1	0	62005	1	-1	-1	-1	-1	-1	-1	0	80506	1	0	-1	-1	-1	-1	-1	-1	-1	-1	-1	-1	-1	-1	1	1	0	40075	1	-1	-1	-1	-1	-1	-1	-1	-1	-1	-1
2059	-1	-1	-1	-1	-1	-1	-1	-1	-1	-1	-1	-1	-1	-1	-1	-1	-1	-1	-1	-1	-1	-1	-1	-1	-1	-1	-1	-1	2060	1	10	241000	5	-1	-1	-1	-1	-1	-1	-1	-1	-1	-1
2060	5	220458	1	1	997	-1	-1	-1	-1	-1	-1	-1	0	-1	60	0	-1	-1	-1	-1	-1	-1	-1	-1	-1	-1	-1	-1	2061	1	0	40071	60	-1	-1	-1	-1	-1	-1	-1	-1	-1	-1
2061	5	220459	1	0	62014	1	-1	-1	-1	-1	-1	-1	0	80603	1	0	-1	-1	-1	-1	-1	-1	-1	-1	-1	-1	-1	-1	2062	1	0	40072	1	-1	-1	-1	-1	-1	-1	-1	-1	-1	-1
2062	5	220460	1	0	62022	1	-1	-1	-1	-1	-1	-1	0	80604	1	0	-1	-1	-1	-1	-1	-1	-1	-1	-1	-1	-1	-1	2063	1	0	40073	1	-1	-1	-1	-1	-1	-1	-1	-1	-1	-1
2063	5	220461	1	0	62030	1	-1	-1	-1	-1	-1	-1	0	80605	1	0	-1	-1	-1	-1	-1	-1	-1	-1	-1	-1	-1	-1	2064	1	0	40074	1	-1	-1	-1	-1	-1	-1	-1	-1	-1	-1
2064	5	220462	1	0	62006	1	-1	-1	-1	-1	-1	-1	0	80606	1	0	-1	-1	-1	-1	-1	-1	-1	-1	-1	-1	-1	-1	1	1	0	40075	1	-1	-1	-1	-1	-1	-1	-1	-1	-1	-1
2069	-1	-1	-1	-1	-1	-1	-1	-1	-1	-1	-1	-1	-1	-1	-1	-1	-1	-1	-1	-1	-1	-1	-1	-1	-1	-1	-1	-1	2070	1	10	241000	5	-1	-1	-1	-1	-1	-1	-1	-1	-1	-1
2070	5	220458	1	1	997	-1	-1	-1	-1	-1	-1	-1	0	-1	60	0	-1	-1	-1	-1	-1	-1	-1	-1	-1	-1	-1	-1	2071	1	0	40071	60	-1	-1	-1	-1	-1	-1	-1	-1	-1	-1
2071	5	220459	1	0	62015	1	-1	-1	-1	-1	-1	-1	0	80703	1	0	-1	-1	-1	-1	-1	-1	-1	-1	-1	-1	-1	-1	2072	1	0	40072	1	-1	-1	-1	-1	-1	-1	-1	-1	-1	-1
2072	5	220460	1	0	62023	1	-1	-1	-1	-1	-1	-1	0	80704	1	0	-1	-1	-1	-1	-1	-1	-1	-1	-1	-1	-1	-1	2073	1	0	40073	1	-1	-1	-1	-1	-1	-1	-1	-1	-1	-1
2073	5	220461	1	0	62031	1	-1	-1	-1	-1	-1	-1	0	80705	1	0	-1	-1	-1	-1	-1	-1	-1	-1	-1	-1	-1	-1	2074	1	0	40074	1	-1	-1	-1	-1	-1	-1	-1	-1	-1	-1
2074	5	220462	1	0	62007	1	-1	-1	-1	-1	-1	-1	0	80706	1	0	-1	-1	-1	-1	-1	-1	-1	-1	-1	-1	-1	-1	1	1	0	40075	1	-1	-1	-1	-1	-1	-1	-1	-1	-1	-1
3000	8	5000	-1	3	1	10	5	220512	1	-1	-1	-1	3	5000	1	-1	-1	-1	-1	-1	-1	-1	-1	-1	-1	-1	-1	-1	3001	0	6	40036	40037	7	40064	40065	7	40066	40069	-1	-1	-1	-1
3001	8	5000	-1	4	5	0	-1	-1	-1	-1	-1	-1	3	5000	1	-1	-1	-1	-1	-1	-1	-1	-1	-1	-1	-1	-1	-1	3002	0	6	40036	40037	7	40064	40065	7	40066	40069	-1	-1	-1	-1
3002	8	40000	-1	7	90000	2000	-1	-1	-1	-1	-1	-1	3	40000	1	-1	-1	-1	-1	-1	-1	-1	-1	-1	-1	-1	-1	-1	3003	0	6	40036	40037	7	40064	40065	7	40066	40069	-1	-1	-1	-1
3003	8	40000	-1	7	90001	2000	5	220508	1	-1	-1	-1	3	40000	1	-1	-1	-1	-1	-1	-1	-1	-1	-1	-1	-1	-1	-1	3004	0	6	40036	40038	7	40064	40065	7	40066	40069	-1	-1	-1	-1
3004	8	40000	-1	7	90002	2000	5	220509	1	-1	-1	-1	3	40000	1	-1	-1	-1	-1	-1	-1	-1	-1	-1	-1	-1	-1	-1	3005	0	6	40036	40039	7	40064	40065	7	40066	40069	-1	-1	-1	-1
3005	8	40000	-1	7	90003	2000	5	220510	1	-1	-1	-1	3	40000	1	-1	-1	-1	-1	-1	-1	-1	-1	-1	-1	-1	-1	-1	3006	0	6	40036	40040	7	40064	40065	7	40066	40069	-1	-1	-1	-1
3006	7	90004	2000	5	220511	1	-1	-1	-1	-1	-1	-1	5	0	1	-1	-1	-1	-1	-1	-1	-1	-1	-1	-1	-1	-1	-1	3007	0	6	40036	40041	7	40064	40065	7	40066	40069	-1	-1	-1	-1
3007	8	60000	-1	3	4	60	-1	-1	-1	-1	-1	-1	3	60000	1	-1	-1	-1	-1	-1	-1	-1	-1	-1	-1	-1	-1	-1	1	0	6	40036	40041	7	40064	40065	7	40066	40069	-1	-1	-1	-1
3100	-1	-1	-1	-1	-1	-1	-1	-1	-1	-1	-1	-1	3	90000	-1	-1	-1	-1	-1	-1	-1	-1	-1	-1	-1	-1	-1	-1	1	1	7	40067	40068	-1	-1	-1	-1	-1	-1	-1	-1	-1	-1
5000	-1	-1	-1	-1	-1	-1	-1	-1	-1	-1	-1	-1	0	40001	4	0	-1	-1	-1	-1	-1	-1	-1	-1	-1	-1	-1	-1	5001	1	0	40032	4	-1	-1	-1	-1	-1	-1	-1	-1	-1	-1
5001	0	65000	1	-1	-1	-1	-1	-1	-1	-1	-1	-1	0	40005	3	0	-1	-1	-1	-1	-1	-1	-1	-1	-1	-1	-1	-1	5002	1	0	40033	3	-1	-1	-1	-1	-1	-1	-1	-1	-1	-1
5002	0	65001	1	-1	-1	-1	-1	-1	-1	-1	-1	-1	0	40002	3	0	-1	-1	-1	-1	-1	-1	-1	-1	-1	-1	-1	-1	5003	1	0	40034	3	-1	-1	-1	-1	-1	-1	-1	-1	-1	-1
5003	0	65002	1	-1	-1	-1	-1	-1	-1	-1	-1	-1	0	40004	1	0	-1	-1	-1	-1	-1	-1	-1	-1	-1	-1	-1	-1	0	1	0	40035	1	-1	-1	-1	-1	-1	-1	-1	-1	-1	-1
5010	-1	-1	-1	-1	-1	-1	-1	-1	-1	-1	-1	-1	0	40008	4	0	-1	-1	-1	-1	-1	-1	-1	-1	-1	-1	-1	-1	5011	1	0	40032	4	-1	-1	-1	-1	-1	-1	-1	-1	-1	-1
5011	0	65003	1	-1	-1	-1	-1	-1	-1	-1	-1	-1	0	40012	3	0	-1	-1	-1	-1	-1	-1	-1	-1	-1	-1	-1	-1	5012	1	0	40033	3	-1	-1	-1	-1	-1	-1	-1	-1	-1	-1
5012	0	65004	1	-1	-1	-1	-1	-1	-1	-1	-1	-1	0	40009	3	0	-1	-1	-1	-1	-1	-1	-1	-1	-1	-1	-1	-1	5013	1	0	40034	3	-1	-1	-1	-1	-1	-1	-1	-1	-1	-1
5013	0	65005	1	-1	-1	-1	-1	-1	-1	-1	-1	-1	0	40011	1	0	-1	-1	-1	-1	-1	-1	-1	-1	-1	-1	-1	-1	0	1	0	40035	1	-1	-1	-1	-1	-1	-1	-1	-1	-1	-1
5020	-1	-1	-1	-1	-1	-1	-1	-1	-1	-1	-1	-1	0	40015	4	0	-1	-1	-1	-1	-1	-1	-1	-1	-1	-1	-1	-1	5021	1	0	40032	4	-1	-1	-1	-1	-1	-1	-1	-1	-1	-1
5021	0	65006	1	-1	-1	-1	-1	-1	-1	-1	-1	-1	0	40019	3	0	-1	-1	-1	-1	-1	-1	-1	-1	-1	-1	-1	-1	5022	1	0	40033	3	-1	-1	-1	-1	-1	-1	-1	-1	-1	-1
5022	0	65007	1	-1	-1	-1	-1	-1	-1	-1	-1	-1	0	40016	3	0	-1	-1	-1	-1	-1	-1	-1	-1	-1	-1	-1	-1	5023	1	0	40034	3	-1	-1	-1	-1	-1	-1	-1	-1	-1	-1
5023	0	65008	1	-1	-1	-1	-1	-1	-1	-1	-1	-1	0	40018	1	0	-1	-1	-1	-1	-1	-1	-1	-1	-1	-1	-1	-1	0	1	0	40035	1	-1	-1	-1	-1	-1	-1	-1	-1	-1	-1
5030	-1	-1	-1	-1	-1	-1	-1	-1	-1	-1	-1	-1	0	40101	6	0	-1	-1	-1	-1	-1	-1	-1	-1	-1	-1	-1	-1	5031	1	0	40053	6	-1	-1	-1	-1	-1	-1	-1	-1	-1	-1
5031	0	65100	1	-1	-1	-1	-1	-1	-1	-1	-1	-1	0	40102	3	0	-1	-1	-1	-1	-1	-1	-1	-1	-1	-1	-1	-1	5032	1	0	40054	3	-1	-1	-1	-1	-1	-1	-1	-1	-1	-1
5032	0	65101	1	-1	-1	-1	-1	-1	-1	-1	-1	-1	0	40103	4	0	-1	-1	-1	-1	-1	-1	-1	-1	-1	-1	-1	-1	5033	1	0	40055	4	-1	-1	-1	-1	-1	-1	-1	-1	-1	-1
5033	0	65102	1	-1	-1	-1	-1	-1	-1	-1	-1	-1	0	40105	3	0	-1	-1	-1	-1	-1	-1	-1	-1	-1	-1	-1	-1	5034	1	0	40056	3	-1	-1	-1	-1	-1	-1	-1	-1	-1	-1
5034	0	65103	1	-1	-1	-1	-1	-1	-1	-1	-1	-1	0	40106	1	0	-1	-1	-1	-1	-1	-1	-1	-1	-1	-1	-1	-1	0	1	0	40057	1	-1	-1	-1	-1	-1	-1	-1	-1	-1	-1
5040	-1	-1	-1	-1	-1	-1	-1	-1	-1	-1	-1	-1	0	40107	6	0	-1	-1	-1	-1	-1	-1	-1	-1	-1	-1	-1	-1	5041	1	0	40053	6	-1	-1	-1	-1	-1	-1	-1	-1	-1	-1
5041	0	65110	1	-1	-1	-1	-1	-1	-1	-1	-1	-1	0	40108	3	0	-1	-1	-1	-1	-1	-1	-1	-1	-1	-1	-1	-1	5042	1	0	40054	3	-1	-1	-1	-1	-1	-1	-1	-1	-1	-1
5042	0	65111	1	-1	-1	-1	-1	-1	-1	-1	-1	-1	0	40109	4	0	-1	-1	-1	-1	-1	-1	-1	-1	-1	-1	-1	-1	5043	1	0	40055	4	-1	-1	-1	-1	-1	-1	-1	-1	-1	-1
5043	0	65112	1	-1	-1	-1	-1	-1	-1	-1	-1	-1	0	40111	3	0	-1	-1	-1	-1	-1	-1	-1	-1	-1	-1	-1	-1	5044	1	0	40056	3	-1	-1	-1	-1	-1	-1	-1	-1	-1	-1
5044	0	65113	1	-1	-1	-1	-1	-1	-1	-1	-1	-1	0	40112	1	0	-1	-1	-1	-1	-1	-1	-1	-1	-1	-1	-1	-1	0	1	0	40057	1	-1	-1	-1	-1	-1	-1	-1	-1	-1	-1
5050	-1	-1	-1	-1	-1	-1	-1	-1	-1	-1	-1	-1	0	40113	6	0	-1	-1	-1	-1	-1	-1	-1	-1	-1	-1	-1	-1	5051	1	0	40053	6	-1	-1	-1	-1	-1	-1	-1	-1	-1	-1
5051	0	65120	1	-1	-1	-1	-1	-1	-1	-1	-1	-1	0	40114	3	0	-1	-1	-1	-1	-1	-1	-1	-1	-1	-1	-1	-1	5052	1	0	40054	3	-1	-1	-1	-1	-1	-1	-1	-1	-1	-1
5052	0	65121	1	-1	-1	-1	-1	-1	-1	-1	-1	-1	0	40115	4	0	-1	-1	-1	-1	-1	-1	-1	-1	-1	-1	-1	-1	5053	1	0	40055	4	-1	-1	-1	-1	-1	-1	-1	-1	-1	-1
5053	0	65122	1	-1	-1	-1	-1	-1	-1	-1	-1	-1	0	40117	3	0	-1	-1	-1	-1	-1	-1	-1	-1	-1	-1	-1	-1	5054	1	0	40056	3	-1	-1	-1	-1	-1	-1	-1	-1	-1	-1
5054	0	65123	1	-1	-1	-1	-1	-1	-1	-1	-1	-1	0	40118	1	0	-1	-1	-1	-1	-1	-1	-1	-1	-1	-1	-1	-1	0	1	0	40057	1	-1	-1	-1	-1	-1	-1	-1	-1	-1	-1
5060	-1	-1	-1	-1	-1	-1	-1	-1	-1	-1	-1	-1	0	40200	6	0	-1	-1	-1	-1	-1	-1	-1	-1	-1	-1	-1	-1	5061	1	0	40058	6	-1	-1	-1	-1	-1	-1	-1	-1	-1	-1
5061	0	65200	1	-1	-1	-1	-1	-1	-1	-1	-1	-1	0	40201	3	0	-1	-1	-1	-1	-1	-1	-1	-1	-1	-1	-1	-1	5062	1	0	40059	3	-1	-1	-1	-1	-1	-1	-1	-1	-1	-1
5062	0	65201	1	-1	-1	-1	-1	-1	-1	-1	-1	-1	0	40202	4	0	-1	-1	-1	-1	-1	-1	-1	-1	-1	-1	-1	-1	5063	1	0	40060	4	-1	-1	-1	-1	-1	-1	-1	-1	-1	-1
5063	0	65202	1	-1	-1	-1	-1	-1	-1	-1	-1	-1	0	40203	4	0	-1	-1	-1	-1	-1	-1	-1	-1	-1	-1	-1	-1	5064	1	0	40061	4	-1	-1	-1	-1	-1	-1	-1	-1	-1	-1
5064	0	65203	1	-1	-1	-1	-1	-1	-1	-1	-1	-1	0	40205	1	0	-1	-1	-1	-1	-1	-1	-1	-1	-1	-1	-1	-1	0	1	0	40062	1	-1	-1	-1	-1	-1	-1	-1	-1	-1	-1
5070	-1	-1	-1	-1	-1	-1	-1	-1	-1	-1	-1	-1	0	40210	6	0	-1	-1	-1	-1	-1	-1	-1	-1	-1	-1	-1	-1	5071	1	0	40058	6	-1	-1	-1	-1	-1	-1	-1	-1	-1	-1
5071	0	65210	1	-1	-1	-1	-1	-1	-1	-1	-1	-1	0	40211	3	0	-1	-1	-1	-1	-1	-1	-1	-1	-1	-1	-1	-1	5072	1	0	40059	3	-1	-1	-1	-1	-1	-1	-1	-1	-1	-1
5072	0	65211	1	-1	-1	-1	-1	-1	-1	-1	-1	-1	0	40212	4	0	-1	-1	-1	-1	-1	-1	-1	-1	-1	-1	-1	-1	5073	1	0	40060	4	-1	-1	-1	-1	-1	-1	-1	-1	-1	-1
5073	0	65212	1	-1	-1	-1	-1	-1	-1	-1	-1	-1	0	40213	4	0	-1	-1	-1	-1	-1	-1	-1	-1	-1	-1	-1	-1	5074	1	0	40061	4	-1	-1	-1	-1	-1	-1	-1	-1	-1	-1
5074	0	65213	1	-1	-1	-1	-1	-1	-1	-1	-1	-1	0	40215	1	0	-1	-1	-1	-1	-1	-1	-1	-1	-1	-1	-1	-1	0	1	0	40062	1	-1	-1	-1	-1	-1	-1	-1	-1	-1	-1
5080	-1	-1	-1	-1	-1	-1	-1	-1	-1	-1	-1	-1	0	40220	6	0	-1	-1	-1	-1	-1	-1	-1	-1	-1	-1	-1	-1	5081	1	0	40058	6	-1	-1	-1	-1	-1	-1	-1	-1	-1	-1
5081	0	65220	1	-1	-1	-1	-1	-1	-1	-1	-1	-1	0	40221	3	0	-1	-1	-1	-1	-1	-1	-1	-1	-1	-1	-1	-1	5082	1	0	40059	3	-1	-1	-1	-1	-1	-1	-1	-1	-1	-1
5082	0	65221	1	-1	-1	-1	-1	-1	-1	-1	-1	-1	0	40222	4	0	-1	-1	-1	-1	-1	-1	-1	-1	-1	-1	-1	-1	5083	1	0	40060	4	-1	-1	-1	-1	-1	-1	-1	-1	-1	-1
5083	0	65222	1	-1	-1	-1	-1	-1	-1	-1	-1	-1	0	40223	4	0	-1	-1	-1	-1	-1	-1	-1	-1	-1	-1	-1	-1	5084	1	0	40061	4	-1	-1	-1	-1	-1	-1	-1	-1	-1	-1
5084	0	65223	1	-1	-1	-1	-1	-1	-1	-1	-1	-1	0	40225	1	0	-1	-1	-1	-1	-1	-1	-1	-1	-1	-1	-1	-1	0	1	0	40062	1	-1	-1	-1	-1	-1	-1	-1	-1	-1	-1
5090	-1	-1	-1	-1	-1	-1	-1	-1	-1	-1	-1	-1	0	40226	6	0	-1	-1	-1	-1	-1	-1	-1	-1	-1	-1	-1	-1	5091	1	0	40100	6	-1	-1	-1	-1	-1	-1	-1	-1	-1	-1
5091	0	65224	1	-1	-1	-1	-1	-1	-1	-1	-1	-1	0	40227	3	0	-1	-1	-1	-1	-1	-1	-1	-1	-1	-1	-1	-1	5092	1	0	40101	3	-1	-1	-1	-1	-1	-1	-1	-1	-1	-1
5092	0	65225	1	-1	-1	-1	-1	-1	-1	-1	-1	-1	0	40228	4	0	-1	-1	-1	-1	-1	-1	-1	-1	-1	-1	-1	-1	5093	1	0	40102	4	-1	-1	-1	-1	-1	-1	-1	-1	-1	-1
5093	0	65226	1	-1	-1	-1	-1	-1	-1	-1	-1	-1	0	40229	4	0	-1	-1	-1	-1	-1	-1	-1	-1	-1	-1	-1	-1	5094	1	0	40103	4	-1	-1	-1	-1	-1	-1	-1	-1	-1	-1
5094	0	65227	1	-1	-1	-1	-1	-1	-1	-1	-1	-1	0	40231	1	0	-1	-1	-1	-1	-1	-1	-1	-1	-1	-1	-1	-1	0	1	0	40104	1	-1	-1	-1	-1	-1	-1	-1	-1	-1	-1
6000	-1	-1	-1	-1	-1	-1	-1	-1	-1	-1	-1	-1	4	50015	-1	0	4	50000	-1	1	-1	-1	-1	-1	-1	-1	-1	-1	-1	0	1	40029	40030	1	40028	40031	-1	-1	-1	-1	-1	-1	-1
6001	-1	-1	-1	-1	-1	-1	-1	-1	-1	-1	-1	-1	4	50018	-1	0	4	50003	-1	1	-1	-1	-1	-1	-1	-1	-1	-1	-1	0	1	40029	40030	1	40028	40031	-1	-1	-1	-1	-1	-1	-1
6002	-1	-1	-1	-1	-1	-1	-1	-1	-1	-1	-1	-1	4	50021	-1	0	4	50006	-1	1	-1	-1	-1	-1	-1	-1	-1	-1	-1	0	1	40029	40030	1	40028	40031	-1	-1	-1	-1	-1	-1	-1
6003	-1	-1	-1	-1	-1	-1	-1	-1	-1	-1	-1	-1	4	50024	-1	0	4	50009	-1	1	-1	-1	-1	-1	-1	-1	-1	-1	-1	0	1	40029	40030	1	40028	40031	-1	-1	-1	-1	-1	-1	-1
6004	-1	-1	-1	-1	-1	-1	-1	-1	-1	-1	-1	-1	4	50027	-1	0	4	50012	-1	1	-1	-1	-1	-1	-1	-1	-1	-1	-1	0	1	40029	40030	1	40028	40031	-1	-1	-1	-1	-1	-1	-1
6500	-1	-1	-1	-1	-1	-1	-1	-1	-1	-1	-1	-1	-1	-1	-1	0	-1	-1	-1	1	-1	-1	-1	-1	-1	-1	-1	-1	-1	0	4	224202	200	4	224203	200	5	224204	3	-1	-1	-1	-1
7000	-1	-1	-1	-1	-1	-1	-1	-1	-1	-1	-1	-1	0	3000	2	0	-1	-1	-1	-1	-1	-1	-1	-1	-1	-1	-1	-1	7001	1	-1	-1	-1	-1	-1	-1	-1	-1	-1	-1	-1	-1	1000
7001	0	45001	1	-1	-1	-1	-1	-1	-1	-1	-1	-1	0	3000	2	0	-1	-1	-1	-1	-1	-1	-1	-1	-1	-1	-1	-1	7002	1	-1	-1	-1	-1	-1	-1	-1	-1	-1	-1	-1	-1	1000
7002	0	45002	1	-1	-1	-1	-1	-1	-1	-1	-1	-1	0	3000	6	0	-1	-1	-1	-1	-1	-1	-1	-1	-1	-1	-1	-1	2	1	-1	-1	-1	-1	-1	-1	-1	-1	-1	-1	-1	-1	2000
7100	-1	-1	-1	-1	-1	-1	-1	-1	-1	-1	-1	-1	0	3001	3	0	-1	-1	-1	-1	-1	-1	-1	-1	-1	-1	-1	-1	7101	1	-1	-1	-1	-1	-1	-1	-1	-1	-1	-1	-1	-1	-1
7101	0	45004	1	-1	-1	-1	-1	-1	-1	-1	-1	-1	0	3001	4	0	-1	-1	-1	-1	-1	-1	-1	-1	-1	-1	-1	-1	7102	1	-1	-1	-1	-1	-1	-1	-1	-1	-1	-1	-1	-1	1000
7102	0	45005	1	-1	-1	-1	-1	-1	-1	-1	-1	-1	0	3012	1	0	-1	-1	-1	-1	-1	-1	-1	-1	-1	-1	-1	-1	2	1	-1	-1	-1	-1	-1	-1	-1	-1	-1	-1	-1	-1	-1
7200	-1	-1	-1	-1	-1	-1	-1	-1	-1	-1	-1	-1	0	3002	3	0	-1	-1	-1	-1	-1	-1	-1	-1	-1	-1	-1	-1	7201	1	-1	-1	-1	-1	-1	-1	-1	-1	-1	-1	-1	-1	1000
7201	0	45006	1	-1	-1	-1	-1	-1	-1	-1	-1	-1	0	3007	3	0	-1	-1	-1	-1	-1	-1	-1	-1	-1	-1	-1	-1	7202	1	-1	-1	-1	-1	-1	-1	-1	-1	-1	-1	-1	-1	-1
7202	0	45007	1	-1	-1	-1	-1	-1	-1	-1	-1	-1	0	3003	1	0	-1	-1	-1	-1	-1	-1	-1	-1	-1	-1	-1	-1	2	1	-1	-1	-1	-1	-1	-1	-1	-1	-1	-1	-1	-1	-1
7300	-1	-1	-1	-1	-1	-1	-1	-1	-1	-1	-1	-1	0	3004	1	0	-1	-1	-1	-1	-1	-1	-1	-1	-1	-1	-1	-1	2	1	-1	-1	-1	-1	-1	-1	-1	-1	-1	-1	-1	-1	-1
7400	-1	-1	-1	-1	-1	-1	-1	-1	-1	-1	-1	-1	0	3005	1	0	-1	-1	-1	-1	-1	-1	-1	-1	-1	-1	-1	-1	2	1	-1	-1	-1	-1	-1	-1	-1	-1	-1	-1	-1	-1	-1
7450	-1	-1	-1	-1	-1	-1	-1	-1	-1	-1	-1	-1	0	3006	1	0	-1	-1	-1	-1	-1	-1	-1	-1	-1	-1	-1	-1	2	1	-1	-1	-1	-1	-1	-1	-1	-1	-1	-1	-1	-1	-1
7500	-1	-1	-1	-1	-1	-1	-1	-1	-1	-1	-1	-1	0	3008	8	0	-1	-1	-1	-1	-1	-1	-1	-1	-1	-1	-1	-1	7501	1	-1	-1	-1	-1	-1	-1	-1	-1	-1	-1	-1	-1	1000
7501	0	45008	1	-1	-1	-1	-1	-1	-1	-1	-1	-1	0	3009	1	0	-1	-1	-1	-1	-1	-1	-1	-1	-1	-1	-1	-1	2	1	-1	-1	-1	-1	-1	-1	-1	-1	-1	-1	-1	-1	-1
7600	-1	-1	-1	-1	-1	-1	-1	-1	-1	-1	-1	-1	0	3010	1	0	-1	-1	-1	-1	-1	-1	-1	-1	-1	-1	-1	-1	2	1	-1	-1	-1	-1	-1	-1	-1	-1	-1	-1	-1	-1	-1
7699	-1	-1	-1	-1	-1	-1	-1	-1	-1	-1	-1	-1	0	3011	1	0	-1	-1	-1	-1	-1	-1	-1	-1	-1	-1	-1	-1	3	1	-1	-1	-1	-1	-1	-1	-1	-1	-1	-1	-1	-1	-1
7700	-1	-1	-1	-1	-1	-1	-1	-1	-1	-1	-1	-1	0	3011	1	0	-1	-1	-1	-1	-1	-1	-1	-1	-1	-1	-1	-1	3	1	-1	-1	-1	-1	-1	-1	-1	-1	-1	-1	-1	-1	-1
7800	-1	-1	-1	-1	-1	-1	-1	-1	-1	-1	-1	-1	0	3013	1	0	-1	-1	-1	-1	-1	-1	-1	-1	-1	-1	-1	-1	3	1	-1	-1	-1	-1	-1	-1	-1	-1	-1	-1	-1	-1	-1
7850	-1	-1	-1	-1	-1	-1	-1	-1	-1	-1	-1	-1	0	3014	4	0	-1	-1	-1	-1	-1	-1	-1	-1	-1	-1	-1	-1	7851	1	-1	-1	-1	-1	-1	-1	-1	-1	-1	-1	-1	-1	1000
7851	0	45011	1	-1	-1	-1	-1	-1	-1	-1	-1	-1	0	3014	5	0	-1	-1	-1	-1	-1	-1	-1	-1	-1	-1	-1	-1	2	1	-1	-1	-1	-1	-1	-1	-1	-1	-1	-1	-1	-1	1000
7852	0	45011	1	-1	-1	-1	-1	-1	-1	-1	-1	-1	0	3015	8	0	-1	-1	-1	-1	-1	-1	-1	-1	-1	-1	-1	-1	2	1	-1	-1	-1	-1	-1	-1	-1	-1	-1	-1	-1	-1	2000
7853	-1	-1	-1	-1	-1	-1	-1	-1	-1	-1	-1	-1	0	3017	1	0	-1	-1	-1	-1	-1	-1	-1	-1	-1	-1	-1	-1	4	1	-1	-1	-1	-1	-1	-1	-1	-1	-1	-1	-1	-1	1000
7854	-1	-1	-1	-1	-1	-1	-1	-1	-1	-1	-1	-1	0	92	1	0	-1	-1	-1	-1	-1	-1	-1	-1	-1	-1	-1	-1	5	1	-1	-1	-1	-1	-1	-1	-1	-1	-1	-1	-1	-1	2000
7855	-1	-1	-1	-1	-1	-1	-1	-1	-1	-1	-1	-1	0	3900	1	0	-1	-1	-1	-1	-1	-1	-1	-1	-1	-1	-1	-1	0	1	-1	-1	-1	-1	-1	-1	-1	-1	-1	-1	-1	-1	-1
7856	-1	-1	-1	-1	-1	-1	-1	-1	-1	-1	-1	-1	0	3901	1	0	-1	-1	-1	-1	-1	-1	-1	-1	-1	-1	-1	-1	0	1	-1	-1	-1	-1	-1	-1	-1	-1	-1	-1	-1	-1	-1
7857	-1	-1	-1	-1	-1	-1	-1	-1	-1	-1	-1	-1	0	3902	1	0	-1	-1	-1	-1	-1	-1	-1	-1	-1	-1	-1	-1	0	1	-1	-1	-1	-1	-1	-1	-1	-1	-1	-1	-1	-1	-1
7858	-1	-1	-1	-1	-1	-1	-1	-1	-1	-1	-1	-1	0	3903	1	0	-1	-1	-1	-1	-1	-1	-1	-1	-1	-1	-1	-1	0	1	-1	-1	-1	-1	-1	-1	-1	-1	-1	-1	-1	-1	-1
7859	-1	-1	-1	-1	-1	-1	-1	-1	-1	-1	-1	-1	0	3904	1	0	-1	-1	-1	-1	-1	-1	-1	-1	-1	-1	-1	-1	0	1	-1	-1	-1	-1	-1	-1	-1	-1	-1	-1	-1	-1	-1
7860	-1	-1	-1	-1	-1	-1	-1	-1	-1	-1	-1	-1	0	3905	1	0	-1	-1	-1	-1	-1	-1	-1	-1	-1	-1	-1	-1	0	1	-1	-1	-1	-1	-1	-1	-1	-1	-1	-1	-1	-1	-1
7861	-1	-1	-1	-1	-1	-1	-1	-1	-1	-1	-1	-1	0	3906	1	0	-1	-1	-1	-1	-1	-1	-1	-1	-1	-1	-1	-1	0	1	-1	-1	-1	-1	-1	-1	-1	-1	-1	-1	-1	-1	-1
7862	-1	-1	-1	-1	-1	-1	-1	-1	-1	-1	-1	-1	0	3907	1	0	-1	-1	-1	-1	-1	-1	-1	-1	-1	-1	-1	-1	0	1	-1	-1	-1	-1	-1	-1	-1	-1	-1	-1	-1	-1	-1
7863	-1	-1	-1	-1	-1	-1	-1	-1	-1	-1	-1	-1	0	3908	1	0	-1	-1	-1	-1	-1	-1	-1	-1	-1	-1	-1	-1	0	1	-1	-1	-1	-1	-1	-1	-1	-1	-1	-1	-1	-1	-1
7870	-1	-1	-1	-1	-1	-1	-1	-1	-1	-1	-1	-1	0	3019	5	0	-1	-1	-1	-1	-1	-1	-1	-1	-1	-1	-1	-1	7871	1	-1	-1	-1	-1	-1	-1	-1	-1	-1	-1	-1	-1	2000
7871	0	45012	1	-1	-1	-1	-1	-1	-1	-1	-1	-1	0	3021	2	0	-1	-1	-1	-1	-1	-1	-1	-1	-1	-1	-1	-1	2	1	-1	-1	-1	-1	-1	-1	-1	-1	-1	-1	-1	-1	2000
7900	-1	-1	-1	-1	-1	-1	-1	-1	-1	-1	-1	-1	0	4700	7	0	-1	-1	-1	-1	-1	-1	-1	-1	-1	-1	-1	-1	7901	1	0	40011	7	-1	-1	-1	-1	-1	-1	-1	-1	-1	-1
7901	-1	-1	-1	-1	-1	-1	-1	-1	-1	-1	-1	-1	0	4700	7	0	-1	-1	-1	-1	-1	-1	-1	-1	-1	-1	-1	-1	4	1	0	40011	7	-1	-1	-1	-1	-1	-1	-1	-1	-1	-1
7902	-1	-1	-1	-1	-1	-1	-1	-1	-1	-1	-1	-1	-1	-1	-1	0	-1	-1	-1	-1	-1	-1	-1	-1	-1	-1	-1	-1	4	1	-1	-1	-1	-1	-1	-1	-1	-1	-1	-1	-1	-1	-1
8000	-1	-1	-1	-1	-1	-1	-1	-1	-1	-1	-1	-1	-1	-1	-1	-1	-1	-1	-1	-1	-1	-1	-1	-1	-1	-1	-1	-1	8001	1	10	224302	20	-1	-1	-1	-1	-1	-1	-1	-1	-1	-1
8001	-1	-1	-1	-1	-1	-1	-1	-1	-1	-1	-1	-1	-1	-1	-1	-1	-1	-1	-1	-1	-1	-1	-1	-1	-1	-1	-1	-1	8002	1	6	224304	224310	9	224305	224306	7	224307	224308	-1	-1	-1	-1
8002	-1	-1	-1	-1	-1	-1	-1	-1	-1	-1	-1	-1	-1	-1	-1	-1	-1	-1	-1	-1	-1	-1	-1	-1	-1	-1	-1	-1	8003	1	10	224309	20	9	224305	224306	7	224307	224308	-1	-1	-1	-1
8003	-1	-1	-1	-1	-1	-1	-1	-1	-1	-1	-1	-1	-1	-1	-1	-1	-1	-1	-1	-1	-1	-1	-1	-1	-1	-1	-1	-1	8004	1	6	224304	224311	9	224305	224306	7	224307	224308	-1	-1	-1	-1
8004	-1	-1	-1	-1	-1	-1	-1	-1	-1	-1	-1	-1	-1	-1	-1	-1	-1	-1	-1	-1	-1	-1	-1	-1	-1	-1	-1	-1	8005	1	10	224309	20	9	224305	224306	7	224307	224308	-1	-1	-1	-1
8005	-1	-1	-1	-1	-1	-1	-1	-1	-1	-1	-1	-1	-1	-1	-1	-1	-1	-1	-1	-1	-1	-1	-1	-1	-1	-1	-1	-1	8006	1	6	224304	224312	9	224305	224306	7	224307	224308	-1	-1	-1	-1
8006	-1	-1	-1	-1	-1	-1	-1	-1	-1	-1	-1	-1	-1	-1	-1	-1	-1	-1	-1	-1	-1	-1	-1	-1	-1	-1	-1	-1	8007	1	10	224309	20	9	224305	224306	7	224307	224308	-1	-1	-1	-1
8007	-1	-1	-1	-1	-1	-1	-1	-1	-1	-1	-1	-1	-1	-1	-1	-1	-1	-1	-1	-1	-1	-1	-1	-1	-1	-1	-1	-1	8008	1	6	224304	224313	9	224305	224306	7	224307	224308	-1	-1	-1	-1
8008	-1	-1	-1	-1	-1	-1	-1	-1	-1	-1	-1	-1	-1	-1	-1	-1	-1	-1	-1	-1	-1	-1	-1	-1	-1	-1	-1	-1	8009	1	10	224309	20	9	224305	224306	7	224307	224308	-1	-1	-1	-1
8009	-1	-1	-1	-1	-1	-1	-1	-1	-1	-1	-1	-1	-1	-1	-1	-1	-1	-1	-1	-1	-1	-1	-1	-1	-1	-1	-1	-1	8010	1	6	224304	224314	9	224305	224306	7	224307	224308	-1	-1	-1	-1
8010	-1	-1	-1	-1	-1	-1	-1	-1	-1	-1	-1	-1	-1	-1	-1	-1	-1	-1	-1	-1	-1	-1	-1	-1	-1	-1	-1	-1	8011	1	10	224309	20	9	224305	224306	7	224307	224308	-1	-1	-1	-1
8011	-1	-1	-1	-1	-1	-1	-1	-1	-1	-1	-1	-1	-1	-1	-1	-1	-1	-1	-1	-1	-1	-1	-1	-1	-1	-1	-1	-1	8012	1	6	224304	224315	9	224305	224306	7	224307	224308	-1	-1	-1	-1
8012	-1	-1	-1	-1	-1	-1	-1	-1	-1	-1	-1	-1	-1	-1	-1	-1	-1	-1	-1	-1	-1	-1	-1	-1	-1	-1	-1	-1	8013	1	10	224309	20	9	224305	224306	7	224307	224308	-1	-1	-1	-1
8013	-1	-1	-1	-1	-1	-1	-1	-1	-1	-1	-1	-1	-1	-1	-1	-1	-1	-1	-1	-1	-1	-1	-1	-1	-1	-1	-1	-1	8014	1	6	224304	224316	9	224305	224306	7	224307	224308	-1	-1	-1	-1
8014	-1	-1	-1	-1	-1	-1	-1	-1	-1	-1	-1	-1	-1	-1	-1	-1	-1	-1	-1	-1	-1	-1	-1	-1	-1	-1	-1	-1	8015	1	10	224309	20	9	224305	224306	7	224307	224308	-1	-1	-1	-1
8015	-1	-1	-1	-1	-1	-1	-1	-1	-1	-1	-1	-1	-1	-1	-1	-1	-1	-1	-1	-1	-1	-1	-1	-1	-1	-1	-1	-1	8016	1	6	224304	224317	9	224305	224306	7	224307	224308	-1	-1	-1	-1
8016	-1	-1	-1	-1	-1	-1	-1	-1	-1	-1	-1	-1	-1	-1	-1	-1	-1	-1	-1	-1	-1	-1	-1	-1	-1	-1	-1	-1	8017	1	10	224309	20	9	224305	224306	7	224307	224308	-1	-1	-1	-1
8017	-1	-1	-1	-1	-1	-1	-1	-1	-1	-1	-1	-1	-1	-1	-1	-1	-1	-1	-1	-1	-1	-1	-1	-1	-1	-1	-1	-1	8018	1	6	224304	224318	9	224305	224306	7	224307	224308	-1	-1	-1	-1
8018	-1	-1	-1	-1	-1	-1	-1	-1	-1	-1	-1	-1	-1	-1	-1	-1	-1	-1	-1	-1	-1	-1	-1	-1	-1	-1	-1	-1	8019	1	10	224309	20	9	224305	224306	7	224307	224308	-1	-1	-1	-1
8019	-1	-1	-1	-1	-1	-1	-1	-1	-1	-1	-1	-1	-1	-1	-1	-1	-1	-1	-1	-1	-1	-1	-1	-1	-1	-1	-1	-1	8020	1	6	224304	224319	9	224305	224306	7	224307	224308	-1	-1	-1	-1
8020	-1	-1	-1	-1	-1	-1	-1	-1	-1	-1	-1	-1	-1	-1	-1	-1	-1	-1	-1	-1	-1	-1	-1	-1	-1	-1	-1	-1	8021	1	10	224309	20	9	224305	224306	7	224307	224308	-1	-1	-1	-1
8021	-1	-1	-1	-1	-1	-1	-1	-1	-1	-1	-1	-1	-1	-1	-1	-1	-1	-1	-1	-1	-1	-1	-1	-1	-1	-1	-1	-1	8022	1	6	224304	224320	9	224305	224306	7	224307	224308	-1	-1	-1	-1
8022	-1	-1	-1	-1	-1	-1	-1	-1	-1	-1	-1	-1	-1	-1	-1	-1	-1	-1	-1	-1	-1	-1	-1	-1	-1	-1	-1	-1	8023	1	10	224309	20	9	224305	224306	7	224307	224308	-1	-1	-1	-1
8023	-1	-1	-1	-1	-1	-1	-1	-1	-1	-1	-1	-1	-1	-1	-1	-1	-1	-1	-1	-1	-1	-1	-1	-1	-1	-1	-1	-1	8024	1	6	224304	224321	9	224305	224306	7	224307	224308	-1	-1	-1	-1
8024	-1	-1	-1	-1	-1	-1	-1	-1	-1	-1	-1	-1	-1	-1	-1	-1	-1	-1	-1	-1	-1	-1	-1	-1	-1	-1	-1	-1	8025	1	10	224309	20	9	224305	224306	7	224307	224308	-1	-1	-1	-1
8025	-1	-1	-1	-1	-1	-1	-1	-1	-1	-1	-1	-1	-1	-1	-1	-1	-1	-1	-1	-1	-1	-1	-1	-1	-1	-1	-1	-1	8026	1	6	224304	224322	9	224305	224306	7	224307	224308	-1	-1	-1	-1
8026	-1	-1	-1	-1	-1	-1	-1	-1	-1	-1	-1	-1	-1	-1	-1	-1	-1	-1	-1	-1	-1	-1	-1	-1	-1	-1	-1	-1	8027	1	10	224309	20	9	224305	224306	7	224307	224308	-1	-1	-1	-1
8027	-1	-1	-1	-1	-1	-1	-1	-1	-1	-1	-1	-1	-1	-1	-1	-1	-1	-1	-1	-1	-1	-1	-1	-1	-1	-1	-1	-1	8028	1	6	224304	224323	9	224305	224306	7	224307	224308	-1	-1	-1	-1
8028	-1	-1	-1	-1	-1	-1	-1	-1	-1	-1	-1	-1	-1	-1	-1	-1	-1	-1	-1	-1	-1	-1	-1	-1	-1	-1	-1	-1	8029	1	10	224309	20	9	224305	224306	7	224307	224308	-1	-1	-1	-1
8029	-1	-1	-1	-1	-1	-1	-1	-1	-1	-1	-1	-1	-1	-1	-1	-1	-1	-1	-1	-1	-1	-1	-1	-1	-1	-1	-1	-1	8030	1	6	224304	224324	9	224305	224306	7	224307	224308	-1	-1	-1	-1
8030	-1	-1	-1	-1	-1	-1	-1	-1	-1	-1	-1	-1	5	0	1	-1	-1	-1	-1	-1	-1	-1	-1	-1	-1	-1	-1	-1	-1	1	6	224304	224324	9	224305	224306	7	224307	224308	-1	-1	-1	-1
9000	-1	-1	-1	-1	-1	-1	-1	-1	-1	-1	-1	-1	-1	-1	-1	-1	-1	-1	-1	-1	-1	-1	-1	-1	-1	-1	-1	-1	1	1	11	41010	-1	11	41011	-1	11	41012	-1	12	-1	-1	-1
9001	-1	-1	-1	-1	-1	-1	-1	-1	-1	-1	-1	-1	-1	-1	-1	-1	-1	-1	-1	-1	-1	-1	-1	-1	-1	-1	-1	-1	1	0	11	-1	-1	11	-1	-1	11	-1	-1	12	-1	-1	-1
10000	-1	-1	-1	-1	-1	-1	-1	-1	-1	-1	-1	-1	0	223200	1	0	-1	-1	-1	-1	-1	-1	-1	-1	-1	-1	-1	-1	0	1	0	40076	1	-1	-1	-1	-1	-1	-1	-1	-1	-1	-1
10001	-1	-1	-1	-1	-1	-1	-1	-1	-1	-1	-1	-1	0	223201	1	0	-1	-1	-1	-1	-1	-1	-1	-1	-1	-1	-1	-1	0	1	0	40077	1	-1	-1	-1	-1	-1	-1	-1	-1	-1	-1
10002	-1	-1	-1	-1	-1	-1	-1	-1	-1	-1	-1	-1	0	223202	1	0	-1	-1	-1	-1	-1	-1	-1	-1	-1	-1	-1	-1	0	1	0	40078	1	-1	-1	-1	-1	-1	-1	-1	-1	-1	-1
10003	-1	-1	-1	-1	-1	-1	-1	-1	-1	-1	-1	-1	0	223203	1	0	-1	-1	-1	-1	-1	-1	-1	-1	-1	-1	-1	-1	0	1	0	40079	1	-1	-1	-1	-1	-1	-1	-1	-1	-1	-1
10004	-1	-1	-1	-1	-1	-1	-1	-1	-1	-1	-1	-1	0	223204	1	0	-1	-1	-1	-1	-1	-1	-1	-1	-1	-1	-1	-1	0	1	0	40080	1	-1	-1	-1	-1	-1	-1	-1	-1	-1	-1
10005	-1	-1	-1	-1	-1	-1	-1	-1	-1	-1	-1	-1	0	223205	1	0	-1	-1	-1	-1	-1	-1	-1	-1	-1	-1	-1	-1	0	1	0	40081	1	-1	-1	-1	-1	-1	-1	-1	-1	-1	-1
10006	-1	-1	-1	-1	-1	-1	-1	-1	-1	-1	-1	-1	0	223206	1	0	-1	-1	-1	-1	-1	-1	-1	-1	-1	-1	-1	-1	0	1	0	40082	1	-1	-1	-1	-1	-1	-1	-1	-1	-1	-1
10007	-1	-1	-1	-1	-1	-1	-1	-1	-1	-1	-1	-1	0	223207	1	0	-1	-1	-1	-1	-1	-1	-1	-1	-1	-1	-1	-1	0	1	0	40083	1	-1	-1	-1	-1	-1	-1	-1	-1	-1	-1
11001	0	130088	-1	-1	-1	-1	-1	-1	-1	-1	-1	-1	-1	-1	-1	-1	-1	-1	-1	-1	-1	-1	-1	-1	-1	-1	-1	-1	-1	0	10	5	-1	-1	-1	-1	-1	-1	-1	-1	-1	-1	-1
11002	-1	-1	-1	-1	-1	-1	-1	-1	-1	-1	-1	-1	-1	-1	-1	-1	-1	-1	-1	-1	-1	-1	-1	-1	-1	-1	-1	-1	-1	-1	-1	-1	-1	-1	-1	-1	-1	-1	-1	-1	-1	-1	-1
12001	8	120000	-1	5	300000102	-1	-1	-1	-1	-1	-1	-1	3	120000	1	-1	-1	-1	-1	-1	-1	-1	-1	-1	-1	-1	-1	-1	12002	1	10	300000014	300000019	13	300000007	300000015	7	300000008	300000016	14	300000014	-1	-1
12002	8	0	-1	9	-1	-1	1	999	-1	5	300000103	-1	3	0	1	-1	-1	-1	-1	-1	-1	-1	-1	-1	-1	-1	-1	-1	12003	0	10	300000088	300000019	13	300000007	300000015	7	300000008	300000016	7	300000009	300000019	-1
12003	8	280000	-1	-1	-1	-1	-1	-1	-1	-1	-1	-1	3	280000	1	-1	-1	-1	-1	-1	-1	-1	-1	-1	-1	-1	-1	-1	12004	0	10	300000088	300000019	13	300000007	300000015	7	300000008	300000016	7	300000009	300000019	-1
12004	4	20	1	8	20000	-1	-1	-1	-1	-1	-1	-1	3	20000	1	-1	-1	-1	-1	-1	-1	-1	-1	-1	-1	-1	-1	-1	12005	0	10	300000088	300000019	13	300000007	300000015	7	300000008	300000016	7	300000009	300000019	-1
12005	8	0	-1	9	-1	-1	5	300000104	-1	-1	-1	-1	3	0	1	-1	-1	-1	-1	-1	-1	-1	-1	-1	-1	-1	-1	-1	12006	0	10	300000089	300000019	13	300000007	300000015	7	300000008	300000016	7	300000009	300000019	-1
12006	8	280000	-1	-1	-1	-1	-1	-1	-1	-1	-1	-1	3	280000	1	-1	-1	-1	-1	-1	-1	-1	-1	-1	-1	-1	-1	-1	12007	0	10	300000089	300000019	13	300000007	300000015	7	300000008	300000016	7	300000009	300000019	-1
12007	4	20	1	8	20000	-1	-1	-1	-1	-1	-1	-1	3	20000	1	-1	-1	-1	-1	-1	-1	-1	-1	-1	-1	-1	-1	-1	12008	0	10	300000089	300000019	13	300000007	300000015	7	300000008	300000016	7	300000009	300000019	-1
12008	8	0	-1	9	-1	-1	5	300000105	-1	-1	-1	-1	3	0	-1	-1	-1	-1	-1	-1	-1	-1	-1	-1	-1	-1	-1	-1	12015	0	10	300000090	300000019	13	300000007	300000015	7	300000008	300000016	7	300000009	300000019	-1
12009	0	130088	-1	-1	-1	-1	-1	-1	-1	-1	-1	-1	-1	-1	-1	-1	-1	-1	-1	-1	-1	-1	-1	-1	-1	-1	-1	-1	12010	0	7	300000017	300000018	13	300000007	300000015	7	300000008	300000016	7	300000009	300000019	-1
12010	-1	-1	-1	-1	-1	-1	-1	-1	-1	-1	-1	-1	-1	-1	-1	-1	-1	-1	-1	-1	-1	-1	-1	-1	-1	-1	-1	-1	-1	0	7	300000017	300000018	13	300000007	300000015	7	300000008	300000016	7	300000009	300000019	-1
12011	0	130088	-1	-1	-1	-1	-1	-1	-1	-1	-1	-1	-1	-1	-1	-1	-1	-1	-1	-1	-1	-1	-1	-1	-1	-1	-1	-1	12010	0	7	300000017	300000018	13	300000007	300000015	7	300000008	300000016	7	300000009	300000019	-1
12012	-1	-1	-1	-1	-1	-1	-1	-1	-1	-1	-1	-1	-1	-1	-1	-1	-1	-1	-1	-1	-1	-1	-1	-1	-1	-1	-1	-1	-1	0	7	300000017	300000018	13	300000007	300000015	7	300000008	300000016	7	300000009	300000019	-1
12013	0	130088	-1	-1	-1	-1	-1	-1	-1	-1	-1	-1	-1	-1	-1	-1	-1	-1	-1	-1	-1	-1	-1	-1	-1	-1	-1	-1	12010	0	7	300000017	300000018	13	300000007	300000015	7	300000008	300000016	7	300000009	300000019	-1
12014	-1	-1	-1	-1	-1	-1	-1	-1	-1	-1	-1	-1	-1	-1	-1	-1	-1	-1	-1	-1	-1	-1	-1	-1	-1	-1	-1	-1	-1	0	7	300000017	300000018	13	300000007	300000015	7	300000008	300000016	7	300000009	300000019	-1
12015	8	280000	-1	-1	-1	-1	-1	-1	-1	-1	-1	-1	3	280000	-1	-1	-1	-1	-1	-1	-1	-1	-1	-1	-1	-1	-1	-1	12016	0	7	300000017	300000018	13	300000007	300000015	7	300000008	300000016	7	300000009	300000019	-1
12016	4	20	-1	8	20000	-1	5	300000106	-1	-1	-1	-1	3	20000	-1	-1	-1	-1	-1	-1	-1	-1	-1	-1	-1	-1	-1	-1	-1	0	7	300000017	300000018	13	300000007	300000015	7	300000008	300000016	7	300000009	300000019	-1
12017	0	130088	-1	-1	-1	-1	-1	-1	-1	-1	-1	-1	-1	-1	-1	-1	-1	-1	-1	-1	-1	-1	-1	-1	-1	-1	-1	-1	12010	0	7	300000017	300000018	13	300000007	300000015	7	300000008	300000016	7	300000009	300000019	-1
12018	-1	-1	-1	-1	-1	-1	-1	-1	-1	-1	-1	-1	-1	-1	-1	-1	-1	-1	-1	-1	-1	-1	-1	-1	-1	-1	-1	-1	-1	0	7	300000017	300000018	13	300000007	300000015	7	300000008	300000016	7	300000009	300000019	-1
12019	0	130088	-1	-1	-1	-1	-1	-1	-1	-1	-1	-1	-1	-1	-1	-1	-1	-1	-1	-1	-1	-1	-1	-1	-1	-1	-1	-1	12010	0	7	300000017	300000018	13	300000007	300000015	7	300000008	300000016	7	300000009	300000019	-1
12020	-1	-1	-1	-1	-1	-1	-1	-1	-1	-1	-1	-1	-1	-1	-1	-1	-1	-1	-1	-1	-1	-1	-1	-1	-1	-1	-1	-1	-1	0	7	300000017	300000018	13	300000007	300000015	7	300000008	300000016	7	300000009	300000019	-1
12021	0	130088	-1	-1	-1	-1	-1	-1	-1	-1	-1	-1	-1	-1	-1	-1	-1	-1	-1	-1	-1	-1	-1	-1	-1	-1	-1	-1	12010	0	7	300000017	300000018	13	300000007	300000015	7	300000008	300000016	7	300000009	300000019	-1
12022	-1	-1	-1	-1	-1	-1	-1	-1	-1	-1	-1	-1	-1	-1	-1	-1	-1	-1	-1	-1	-1	-1	-1	-1	-1	-1	-1	-1	-1	0	7	300000017	300000018	13	300000007	300000015	7	300000008	300000016	7	300000009	300000019	-1
12023	0	130088	-1	-1	-1	-1	-1	-1	-1	-1	-1	-1	-1	-1	-1	-1	-1	-1	-1	-1	-1	-1	-1	-1	-1	-1	-1	-1	12010	0	7	300000017	300000018	13	300000007	300000015	7	300000008	300000016	7	300000009	300000019	-1
12024	-1	-1	-1	-1	-1	-1	-1	-1	-1	-1	-1	-1	-1	-1	-1	-1	-1	-1	-1	-1	-1	-1	-1	-1	-1	-1	-1	-1	-1	0	7	300000017	300000018	13	300000007	300000015	7	300000008	300000016	7	300000009	300000019	-1
12025	0	130088	-1	-1	-1	-1	-1	-1	-1	-1	-1	-1	-1	-1	-1	-1	-1	-1	-1	-1	-1	-1	-1	-1	-1	-1	-1	-1	12010	0	7	300000017	300000018	13	300000007	300000015	7	300000008	300000016	7	300000009	300000019	-1
12026	-1	-1	-1	-1	-1	-1	-1	-1	-1	-1	-1	-1	-1	-1	-1	-1	-1	-1	-1	-1	-1	-1	-1	-1	-1	-1	-1	-1	-1	0	7	300000017	300000018	13	300000007	300000015	7	300000008	300000016	7	300000009	300000019	-1
12027	0	130088	-1	-1	-1	-1	-1	-1	-1	-1	-1	-1	-1	-1	-1	-1	-1	-1	-1	-1	-1	-1	-1	-1	-1	-1	-1	-1	12010	0	7	300000017	300000018	13	300000007	300000015	7	300000008	300000016	7	300000009	300000019	-1
12028	-1	-1	-1	-1	-1	-1	-1	-1	-1	-1	-1	-1	-1	-1	-1	-1	-1	-1	-1	-1	-1	-1	-1	-1	-1	-1	-1	-1	-1	0	7	300000017	300000018	13	300000007	300000015	7	300000008	300000016	7	300000009	300000019	-1
