INT	STRING	INT	INT	INT	INT	INT	INT	INT	INT	INT	INT	INT	INT	INT	INT	INT	STRING	INT	INT	FLOAT	INT	INT	STRING	INT	INT	INT	INT	INT	INT	INT	INT	INT	INT	INT	INT	INT	INT	INT	INT	INT	INT	INT	INT	INT	INT	INT	INT	INT	INT	INT	INT	INT	INT	INT	INT	INT	INT	INT	INT	STRING	STRING	INT	STRING
ID(100-117弃用)	副本名称	副本大类型	副本具体类型	难度	副本前触发剧情	副本后触发剧情	每日可完成次数	每日可重置次数	进入消耗类型1	参数	进入消耗类型2	参数	重置消耗类型	参数	显示条件	进入条件	开启时间	可进入时间(分)	准备时间	限制时间	可扫荡要求时间	推荐战斗力	副本说明	奖励1	奖励1数量	奖励2	奖励2数量	奖励3	奖励3数量	奖励4	奖励4数量	备用	位标示	记录今日次数的扩展计数	重置次数扩展计数	总次数扩展计数	副本场景	通关时间扩展计数	排队参数	翻牌奖励	扫荡奖励经验	扫荡奖励金币	扫荡奖励1	扫荡奖励2	副本次数结算节点	副本信息参数	副本逻辑ID	要塞经验	经验是否动态奖励	动态正常经验奖励系数	动态扫荡经验奖励系数	鼓舞方案	是否可组队进入	是否动态难度	是否动态奖励	是否星级奖励	黑市商人ID	刷新几率	BossId	灭世积分说明	灭世奖励说明	int参数	list参数
0	暗夜神庙-普通	0	0	0	-1	-1	3	3	-1	-1	-1	-1	3	30	40	40	-1	-1	-1	5	3	2800	魔域之主苏醒之时，圣光消失，这片大陆将被无尽的暗夜笼罩，黎明不会再次到来。\n                        ——黑袍巫魔	1	1500	2	1500	-1	-1	-1	-1	531	-1	100	101	102	100	109	-1	0	1500	1500	40057	-1	1	3	100	-1	0	0	0	-1	0	-1	-1	-1	-1	-1	-1	-1	-1	-1	-1
1	暗夜神庙-精英	0	0	1	-1	-1	2	2	-1	-1	-1	-1	3	40	3000	3000	-1	-1	-1	5	3	15800	魔域之主苏醒之时，圣光消失，这片大陆将被无尽的暗夜笼罩，黎明不会再次到来。\n                        ——黑袍巫魔	1	2500	2	2250	-1	-1	-1	-1	531	-1	103	104	105	101	110	-1	1	2500	2250	40064	-1	1	3	110	-1	0	0	0	3	0	-1	-1	-1	-1	-1	-1	-1	-1	-1	-1
2	暗夜神庙-炼狱	0	0	2	-1	-1	1	1	-1	-1	-1	-1	3	50	3001	3001	-1	-1	-1	5	3	23800	魔域之主苏醒之时，圣光消失，这片大陆将被无尽的暗夜笼罩，黎明不会再次到来。\n                        ——黑袍巫魔	1	3500	2	4500	-1	-1	-1	-1	531	-1	106	107	108	102	111	-1	2	3500	4500	40071	-1	1	3	120	-1	0	0	0	3	0	-1	-1	-1	-1	-1	-1	-1	-1	-1	-1
3	丛林石窟-普通	0	0	0	-1	-1	3	3	-1	-1	-1	-1	3	30	422	422	-1	-1	-1	5	3	5000	魔主赐予我探寻无数禁地的可能，跟某些道貌岸然的正义使者相比，我更愿意追随他。\n                        ——盗贼魔头	1	3500	2	2800	-1	-1	-1	-1	532	-1	112	113	114	103	121	-1	3	3500	2800	40078	-1	1	4	130	-1	0	0	0	-1	0	-1	-1	-1	-1	-1	-1	-1	-1	-1	-1
4	丛林石窟-精英	0	0	1	-1	-1	2	2	-1	-1	-1	-1	3	40	3002	3002	-1	-1	-1	5	3	25800	魔主赐予我探寻无数禁地的可能，跟某些道貌岸然的正义使者相比，我更愿意追随他。\n                        ——盗贼魔头	1	6000	2	4200	-1	-1	-1	-1	532	-1	115	116	117	104	122	-1	4	6000	4200	40082	-1	1	4	140	-1	0	0	0	3	0	-1	-1	-1	-1	-1	-1	-1	-1	-1	-1
5	丛林石窟-炼狱	0	0	2	-1	-1	1	1	-1	-1	-1	-1	3	50	3003	3003	-1	-1	-1	5	3	56800	魔主赐予我探寻无数禁地的可能，跟某些道貌岸然的正义使者相比，我更愿意追随他。\n                        ——盗贼魔头	1	10000	2	8400	-1	-1	-1	-1	532	-1	118	119	120	105	123	-1	5	10000	8400	40086	-1	1	4	150	-1	0	0	0	3	0	-1	-1	-1	-1	-1	-1	-1	-1	-1	-1
6	幻雪圣殿-普通	0	0	0	-1	-1	3	3	-1	-1	-1	-1	3	30	426	426	-1	-1	-1	5	3	18000	当身体变为绝对零度我就将成为魔神，可不管如何修炼，内心跳动的时候总有一丝温热？\n                        ——幻雪冰后	1	7500	2	5300	-1	-1	-1	-1	533	-1	124	125	126	106	133	-1	6	7500	5300	40090	-1	1	5	160	-1	0	0	0	-1	0	-1	-1	-1	-1	-1	-1	-1	-1	-1	-1
7	幻雪圣殿-精英	0	0	1	-1	-1	2	2	-1	-1	-1	-1	3	40	3004	3004	-1	-1	-1	5	3	68000	当身体变为绝对零度我就将成为魔神，可不管如何修炼，内心跳动的时候总有一丝温热？\n                        ——幻雪冰后	1	13500	2	8000	-1	-1	-1	-1	533	-1	127	128	129	107	134	-1	7	13500	8000	40094	-1	1	5	170	-1	0	0	0	3	0	-1	-1	-1	-1	-1	-1	-1	-1	-1	-1
8	幻雪圣殿-炼狱	0	0	2	-1	-1	1	1	-1	-1	-1	-1	3	50	3005	3005	-1	-1	-1	5	3	158350	当身体变为绝对零度我就将成为魔神，可不管如何修炼，内心跳动的时候总有一丝温热？\n                        ——幻雪冰后	1	22500	2	16000	-1	-1	-1	-1	533	-1	130	131	132	108	135	-1	8	22500	16000	40098	-1	1	5	180	-1	0	0	0	3	0	-1	-1	-1	-1	-1	-1	-1	-1	-1	-1
9	失落王座-普通	0	0	0	-1	-1	3	3	-1	-1	-1	-1	3	30	429	429	-1	-1	-1	5	3	100800	我不记得自己的名字，甚至没有一副完整的身体，我只知道在这里我将找回真正的自己。\n                        ——魔王之影	1	18000	2	11700	-1	-1	-1	-1	534	-1	145	169	193	109	217	-1	9	18000	11700	40102	-1	1	-1	190	-1	0	0	0	3	0	-1	-1	-1	-1	-1	-1	-1	-1	-1	-1
10	失落王座-精英	0	0	1	-1	-1	2	2	-1	-1	-1	-1	3	40	3006	3006	-1	-1	-1	5	3	191650	我不记得自己的名字，甚至没有一副完整的身体，我只知道在这里我将找回真正的自己。\n                        ——魔王之影	1	32000	2	17550	-1	-1	-1	-1	534	-1	146	170	194	110	218	-1	10	32000	17550	40106	-1	1	-1	200	-1	0	0	0	3	0	-1	-1	-1	-1	-1	-1	-1	-1	-1	-1
11	失落王座-炼狱	0	0	2	-1	-1	1	1	-1	-1	-1	-1	3	50	3007	3007	-1	-1	-1	5	3	260500	我不记得自己的名字，甚至没有一副完整的身体，我只知道在这里我将找回真正的自己。\n                        ——魔王之影	1	50500	2	35100	-1	-1	-1	-1	534	-1	147	171	195	111	219	-1	11	50500	35100	40110	-1	1	-1	210	-1	0	0	0	3	0	-1	-1	-1	-1	-1	-1	-1	-1	-1	-1
12	远古祭坛-普通	0	0	0	-1	-1	3	3	-1	-1	-1	-1	3	30	165	165	-1	-1	-1	5	3	225900	已经无法感受到我的主人的气息，但灵魂深处的印记告诉我，我只需要在这里等他降临。\n                        ——荒古魔魂	1	42500	2	25300	-1	-1	-1	-1	535	-1	148	172	196	112	220	-1	12	42500	25300	40114	-1	1	-1	220	-1	0	0	0	3	0	-1	-1	-1	-1	-1	-1	-1	-1	-1	-1
13	远古祭坛-精英	0	0	1	-1	-1	2	2	-1	-1	-1	-1	3	40	3008	3008	-1	-1	-1	5	3	384500	已经无法感受到我的主人的气息，但灵魂深处的印记告诉我，我只需要在这里等他降临。\n                        ——荒古魔魂	1	77000	2	37950	-1	-1	-1	-1	535	-1	149	173	197	113	221	-1	13	77000	37950	40118	-1	1	-1	230	-1	0	0	0	3	0	-1	-1	-1	-1	-1	-1	-1	-1	-1	-1
14	远古祭坛-炼狱	0	0	2	-1	-1	1	1	-1	-1	-1	-1	3	50	3009	3009	-1	-1	-1	5	3	446000	已经无法感受到我的主人的气息，但灵魂深处的印记告诉我，我只需要在这里等他降临。\n                        ——荒古魔魂	1	120500	2	75900	-1	-1	-1	-1	535	-1	150	174	198	114	222	-1	14	120500	75900	40122	-1	1	-1	240	-1	0	0	0	3	0	-1	-1	-1	-1	-1	-1	-1	-1	-1	-1
15	深海之谜-普通	0	0	0	-1	-1	3	3	-1	-1	-1	-1	3	30	220	220	-1	-1	-1	5	3	386000	曾经有人说我并不是魔域最美丽的魔灵，于是我没有给他看到第二日日出的机会\n                        ——魔灵塞伊丝	1	85500	2	47600	-1	-1	-1	-1	536	-1	151	175	199	115	223	-1	15	85500	47600	40126	-1	1	-1	250	-1	0	0	0	3	0	-1	-1	-1	-1	-1	-1	-1	-1	-1	-1
16	深海之谜-精英	0	0	1	-1	-1	2	2	-1	-1	-1	-1	3	40	3010	3010	-1	-1	-1	5	3	483300	曾经有人说我并不是魔域最美丽的魔灵，于是我没有给他看到第二日日出的机会\n                        ——魔灵塞伊丝	1	143000	2	71500	-1	-1	-1	-1	536	-1	152	176	200	116	224	-1	16	143000	71500	40130	-1	1	-1	260	-1	0	0	0	3	0	-1	-1	-1	-1	-1	-1	-1	-1	-1	-1
17	深海之谜-炼狱	0	0	2	-1	-1	1	1	-1	-1	-1	-1	3	50	3011	3011	-1	-1	-1	5	3	668600	曾经有人说我并不是魔域最美丽的魔灵，于是我没有给他看到第二日日出的机会\n                        ——魔灵塞伊丝	1	227000	2	143000	-1	-1	-1	-1	536	-1	153	177	201	117	225	-1	17	227000	143000	40134	-1	1	-1	270	-1	0	0	0	3	0	-1	-1	-1	-1	-1	-1	-1	-1	-1	-1
18	吞噬沙城-普通	0	0	0	-1	-1	3	3	-1	-1	-1	-1	3	30	320	320	-1	-1	-1	5	3	479000	越强大的人却孤独，邪恶将一点点的将你们吞噬，终将化作这里的风沙。\n                        ——沙魔阿卡门农	1	172000	2	63700	-1	-1	-1	-1	537	-1	154	178	202	118	226	-1	18	172000	63700	1000061	-1	1	-1	280	-1	0	0	0	3	0	-1	-1	-1	-1	-1	-1	-1	-1	-1	-1
19	吞噬沙城-精英	0	0	1	-1	-1	2	2	-1	-1	-1	-1	3	40	3012	3012	-1	-1	-1	5	3	556500	越强大的人却孤独，邪恶将一点点的将你们吞噬，终将化作这里的风沙。\n                        ——沙魔阿卡门农	1	265600	2	128400	-1	-1	-1	-1	537	-1	155	179	203	119	227	-1	19	265600	128400	1000062	-1	1	-1	290	-1	0	0	0	3	0	-1	-1	-1	-1	-1	-1	-1	-1	-1	-1
20	吞噬沙城-炼狱	0	0	2	-1	-1	1	1	-1	-1	-1	-1	3	50	3013	3013	-1	-1	-1	5	3	779000	越强大的人却孤独，邪恶将一点点的将你们吞噬，终将化作这里的风沙。\n                        ——沙魔阿卡门农	1	427600	2	383600	-1	-1	-1	-1	537	-1	156	180	204	120	228	-1	20	427600	383600	1000063	-1	1	-1	300	-1	0	0	0	3	0	-1	-1	-1	-1	-1	-1	-1	-1	-1	-1
21	幽暗遗迹-普通	0	0	0	-1	-1	3	3	-1	-1	-1	-1	3	30	99999	99999	-1	-1	-1	5	3	479000	待定	-1	-1	-1	-1	-1	-1	-1	-1	538	-1	157	181	205	121	229	-1	-1	-1	-1	-1	-1	1	-1	-1	-1	0	0	0	-1	0	-1	-1	-1	-1	-1	-1	-1	-1	-1	-1
22	幽暗遗迹-精英	0	0	1	-1	-1	2	2	-1	-1	-1	-1	3	40	99999	99999	-1	-1	-1	5	3	479000	待定	-1	-1	-1	-1	-1	-1	-1	-1	538	-1	158	182	206	122	230	-1	-1	-1	-1	-1	-1	1	-1	-1	-1	0	0	0	3	0	-1	-1	-1	-1	-1	-1	-1	-1	-1	-1
23	幽暗遗迹-炼狱	0	0	2	-1	-1	1	1	-1	-1	-1	-1	3	50	99999	99999	-1	-1	-1	5	3	479000	待定	-1	-1	-1	-1	-1	-1	-1	-1	538	-1	159	183	207	123	231	-1	-1	-1	-1	-1	-1	1	-1	-1	-1	0	0	0	3	0	-1	-1	-1	-1	-1	-1	-1	-1	-1	-1
24	远古之城-普通	0	0	0	-1	-1	3	3	-1	-1	-1	-1	3	30	99999	99999	-1	-1	-1	5	3	479000	待定	-1	-1	-1	-1	-1	-1	-1	-1	539	-1	160	184	208	124	232	-1	-1	-1	-1	-1	-1	1	-1	-1	-1	0	0	0	-1	0	-1	-1	-1	-1	-1	-1	-1	-1	-1	-1
25	远古之城-精英	0	0	1	-1	-1	2	2	-1	-1	-1	-1	3	40	99999	99999	-1	-1	-1	5	3	479000	待定	-1	-1	-1	-1	-1	-1	-1	-1	539	-1	161	185	209	125	233	-1	-1	-1	-1	-1	-1	1	-1	-1	-1	0	0	0	3	0	-1	-1	-1	-1	-1	-1	-1	-1	-1	-1
26	远古之城-炼狱	0	0	2	-1	-1	1	1	-1	-1	-1	-1	3	50	99999	99999	-1	-1	-1	5	3	479000	待定	-1	-1	-1	-1	-1	-1	-1	-1	539	-1	162	186	210	126	234	-1	-1	-1	-1	-1	-1	1	-1	-1	-1	0	0	0	3	0	-1	-1	-1	-1	-1	-1	-1	-1	-1	-1
27	泰坦遗迹-普通	0	0	0	-1	-1	3	3	-1	-1	-1	-1	3	30	99999	99999	-1	-1	-1	5	3	479000	待定	-1	-1	-1	-1	-1	-1	-1	-1	540	-1	163	187	211	127	235	-1	-1	-1	-1	-1	-1	1	-1	-1	-1	0	0	0	-1	0	-1	-1	-1	-1	-1	-1	-1	-1	-1	-1
28	泰坦遗迹-精英	0	0	1	-1	-1	2	2	-1	-1	-1	-1	3	40	99999	99999	-1	-1	-1	5	3	479000	待定	-1	-1	-1	-1	-1	-1	-1	-1	540	-1	164	188	212	128	236	-1	-1	-1	-1	-1	-1	1	-1	-1	-1	0	0	0	3	0	-1	-1	-1	-1	-1	-1	-1	-1	-1	-1
29	泰坦遗迹-炼狱	0	0	2	-1	-1	1	1	-1	-1	-1	-1	3	50	99999	99999	-1	-1	-1	5	3	479000	待定	-1	-1	-1	-1	-1	-1	-1	-1	540	-1	165	189	213	129	237	-1	-1	-1	-1	-1	-1	1	-1	-1	-1	0	0	0	3	0	-1	-1	-1	-1	-1	-1	-1	-1	-1	-1
30	冰封秘境-普通	0	0	0	-1	-1	3	3	-1	-1	-1	-1	3	30	99999	99999	-1	-1	-1	5	3	479000	待定	-1	-1	-1	-1	-1	-1	-1	-1	541	-1	166	190	214	130	238	-1	-1	-1	-1	-1	-1	1	-1	-1	-1	0	0	0	-1	0	-1	-1	-1	-1	-1	-1	-1	-1	-1	-1
31	冰封秘境-精英	0	0	1	-1	-1	2	2	-1	-1	-1	-1	3	40	99999	99999	-1	-1	-1	5	3	479000	待定	-1	-1	-1	-1	-1	-1	-1	-1	541	-1	167	191	215	131	239	-1	-1	-1	-1	-1	-1	1	-1	-1	-1	0	0	0	3	0	-1	-1	-1	-1	-1	-1	-1	-1	-1	-1
32	冰封秘境-炼狱	0	0	2	-1	-1	1	1	-1	-1	-1	-1	3	50	99999	99999	-1	-1	-1	5	3	479000	待定	-1	-1	-1	-1	-1	-1	-1	-1	541	-1	168	192	216	132	240	-1	-1	-1	-1	-1	-1	1	-1	-1	-1	0	0	0	3	0	-1	-1	-1	-1	-1	-1	-1	-1	-1	-1
200	玛雅大陆	5	22	3	-1	-1	-1	-1	-1	-1	-1	-1	-1	-1	25000	25000	-1	-1	-1	9999	-1	10000	待定	-1	-1	-1	-1	-1	-1	-1	-1	-1	-1	-1	-1	-1	200	-1	-1	-1	-1	-1	-1	-1	1	-1	7002	-1	0	0	0	-1	0	-1	-1	-1	-1	-1	-1	-1	-1	-1	-1
201	祭雨丛林	5	22	3	-1	-1	-1	-1	-1	-1	-1	-1	-1	-1	25001	25001	-1	-1	-1	9999	-1	10000	待定	-1	-1	-1	-1	-1	-1	-1	-1	-1	-1	-1	-1	-1	201	-1	-1	-1	-1	-1	-1	-1	1	-1	7102	-1	0	0	0	-1	0	-1	-1	-1	-1	-1	-1	-1	-1	-1	-1
202	玛雅大陆	5	22	3	-1	-1	-1	-1	-1	-1	-1	-1	-1	-1	25002	25002	-1	-1	-1	9999	-1	10000	待定	-1	-1	-1	-1	-1	-1	-1	-1	-1	-1	-1	-1	-1	202	-1	-1	-1	-1	-1	-1	-1	1	-1	7202	-1	0	0	0	-1	0	-1	-1	-1	-1	-1	-1	-1	-1	-1	-1
203	凛冬谷	5	22	3	-1	-1	-1	-1	-1	-1	-1	-1	-1	-1	25003	25003	-1	-1	-1	9999	-1	10000	待定	-1	-1	-1	-1	-1	-1	-1	-1	-1	-1	-1	-1	-1	203	-1	-1	-1	-1	-1	-1	-1	1	-1	7300	-1	0	0	0	-1	0	-1	-1	-1	-1	-1	-1	-1	-1	-1	-1
204	古遗迹海域	5	22	3	-1	-1	-1	-1	-1	-1	-1	-1	-1	-1	25004	25004	-1	-1	-1	9999	-1	10000	待定	-1	-1	-1	-1	-1	-1	-1	-1	-1	-1	-1	-1	-1	204	-1	-1	-1	-1	-1	-1	-1	1	-1	7400	-1	0	0	0	-1	0	-1	-1	-1	-1	-1	-1	-1	-1	-1	-1
205	古遗迹海域	5	22	3	-1	-1	-1	-1	-1	-1	-1	-1	-1	-1	25005	25005	-1	-1	-1	9999	-1	10000	待定	-1	-1	-1	-1	-1	-1	-1	-1	-1	-1	-1	-1	-1	205	-1	-1	-1	-1	-1	-1	-1	1	-1	7450	-1	0	0	0	-1	0	-1	-1	-1	-1	-1	-1	-1	-1	-1	-1
206	暗黑沙域	5	22	3	-1	-1	-1	-1	-1	-1	-1	-1	-1	-1	25005	25005	-1	-1	-1	9999	-1	10000	待定	-1	-1	-1	-1	-1	-1	-1	-1	-1	-1	-1	-1	-1	206	-1	-1	-1	-1	-1	-1	-1	1	-1	7500	-1	0	0	0	-1	0	-1	-1	-1	-1	-1	-1	-1	-1	-1	-1
207	暗黑沙域	5	22	3	-1	-1	-1	-1	-1	-1	-1	-1	-1	-1	25005	25005	-1	-1	-1	9999	-1	10000	待定	-1	-1	-1	-1	-1	-1	-1	-1	-1	-1	-1	-1	-1	207	-1	-1	-1	-1	-1	-1	-1	1	-1	7600	-1	0	0	0	-1	0	-1	-1	-1	-1	-1	-1	-1	-1	-1	-1
208	玛雅大陆	5	22	3	-1	-1	-1	-1	-1	-1	-1	-1	-1	-1	25006	25006	-1	-1	-1	9999	-1	10000	待定	-1	-1	-1	-1	-1	-1	-1	-1	-1	-1	-1	-1	-1	208	-1	-1	-1	-1	-1	-1	-1	1	-1	7699	-1	0	0	0	-1	0	-1	-1	-1	-1	-1	-1	-1	-1	-1	-1
209	灭世之战	1	2	3	-1	-1	1	-1	-1	-1	-1	-1	-1	-1	99999	99999	-1	-1	-1	20	-1	10000	待定	-1	-1	-1	-1	-1	-1	-1	-1	-1	-1	-1	-1	-1	209	-1	-1	-1	-1	-1	-1	-1	1	-1	1	-1	0	0	0	3	1	-1	1	-1	-1	-1	-1	-1	-1	-1	-1
210	迷失地宫	5	22	3	-1	-1	-1	-1	-1	-1	-1	-1	-1	-1	8017	8017	-1	-1	-1	9999	-1	10000	待定	-1	-1	-1	-1	-1	-1	-1	-1	-1	-1	-1	-1	-1	210	-1	-1	-1	-1	-1	-1	-1	1	-1	7800	-1	0	0	0	-1	0	-1	-1	-1	-1	-1	-1	-1	-1	-1	-1
211	玛雅大陆	5	22	3	-1	-1	-1	-1	-1	-1	-1	-1	-1	-1	2	2	-1	-1	-1	9999	-1	10000	待定	-1	-1	-1	-1	-1	-1	-1	-1	-1	-1	-1	-1	-1	211	-1	-1	-1	-1	-1	-1	-1	1	-1	7850	-1	0	0	0	-1	0	-1	-1	-1	-1	-1	-1	-1	-1	-1	-1
212	黄金龙	0	0	3	-1	-1	-1	-1	-1	-1	-1	-1	-1	-1	57	57	-1	-1	-1	5	-1	10000	待定	40101	1	-1	-1	-1	-1	-1	-1	-1	-1	-1	-1	-1	212	-1	-1	-1	-1	-1	-1	-1	1	-1	7853	-1	0	0	0	-1	0	-1	-1	-1	-1	-1	-1	-1	-1	-1	-1
213	塔雅试炼	0	0	3	-1	-1	-1	-1	-1	-1	-1	-1	-1	-1	8024	8024	-1	-1	-1	5	-1	10000	待定	-1	-1	-1	-1	-1	-1	-1	-1	-1	-1	-1	-1	-1	213	-1	-1	-1	-1	-1	-1	-1	1	-1	7854	-1	0	0	0	-1	0	-1	-1	-1	-1	-1	-1	-1	-1	-1	-1
214	前世今生	5	22	3	-1	-1	-1	-1	-1	-1	-1	-1	-1	-1	8036	8036	-1	-1	-1	9999	-1	10000	待定	-1	-1	-1	-1	-1	-1	-1	-1	-1	-1	-1	-1	-1	214	-1	-1	-1	-1	-1	-1	-1	1	-1	7870	-1	0	0	0	-1	0	-1	-1	-1	-1	-1	-1	-1	-1	-1	-1
450	遥远的史诗	0	0	3	-1	-1	-1	-1	-1	-1	-1	-1	-1	-1	2042	2042	-1	-1	-1	5	-1	10000	待定	1	400	2	12000	-1	-1	-1	-1	-1	-1	-1	-1	-1	451	-1	-1	1	600	12000	-1	-1	1	-1	7855	-1	0	0	0	-1	0	-1	-1	-1	-1	-1	-1	-1	-1	-1	-1
451	遥远的史诗	0	0	3	-1	-1	-1	-1	-1	-1	-1	-1	-1	-1	5728	5728	-1	-1	-1	5	-1	10000	待定	1	800	2	24000	-1	-1	-1	-1	-1	-1	-1	-1	-1	452	-1	-1	3	1200	24000	-1	-1	1	-1	7856	-1	0	0	0	-1	0	-1	-1	-1	-1	-1	-1	-1	-1	-1	-1
452	遥远的史诗	0	0	3	-1	-1	-1	-1	-1	-1	-1	-1	-1	-1	5730	5730	-1	-1	-1	5	-1	10000	待定	1	1200	2	36000	-1	-1	-1	-1	-1	-1	-1	-1	-1	453	-1	-1	6	2400	36000	-1	-1	1	-1	7857	-1	0	0	0	-1	0	-1	-1	-1	-1	-1	-1	-1	-1	-1	-1
453	遥远的史诗	0	0	3	-1	-1	-1	-1	-1	-1	-1	-1	-1	-1	5732	5732	-1	-1	-1	5	-1	10000	待定	1	2400	2	48000	-1	-1	-1	-1	-1	-1	-1	-1	-1	454	-1	-1	8	3600	48000	-1	-1	1	-1	7858	-1	0	0	0	-1	0	-1	-1	-1	-1	-1	-1	-1	-1	-1	-1
454	遥远的史诗	0	0	3	-1	-1	-1	-1	-1	-1	-1	-1	-1	-1	5734	5734	-1	-1	-1	5	-1	10000	待定	1	8200	2	60000	-1	-1	-1	-1	-1	-1	-1	-1	-1	455	-1	-1	10	12000	60000	-1	-1	1	-1	7859	-1	0	0	0	-1	0	-1	-1	-1	-1	-1	-1	-1	-1	-1	-1
455	遥远的史诗	0	0	3	-1	-1	-1	-1	-1	-1	-1	-1	-1	-1	5736	5736	-1	-1	-1	5	-1	10000	待定	1	10350	2	72000	-1	-1	-1	-1	-1	-1	-1	-1	-1	456	-1	-1	13	12000	82000	-1	-1	1	-1	7860	-1	0	0	0	-1	0	-1	-1	-1	-1	-1	-1	-1	-1	-1	-1
456	遥远的史诗	0	0	3	-1	-1	-1	-1	-1	-1	-1	-1	-1	-1	5738	5738	-1	-1	-1	5	-1	10000	待定	1	11450	2	86000	-1	-1	-1	-1	-1	-1	-1	-1	-1	457	-1	-1	16	12000	94000	-1	-1	1	-1	7861	-1	0	0	0	-1	0	-1	-1	-1	-1	-1	-1	-1	-1	-1	-1
457	遥远的史诗	0	0	3	-1	-1	-1	-1	-1	-1	-1	-1	-1	-1	5740	5740	-1	-1	-1	5	-1	10000	待定	1	13002	2	98000	-1	-1	-1	-1	-1	-1	-1	-1	-1	458	-1	-1	18	12000	106000	-1	-1	1	-1	7862	-1	0	0	0	-1	0	-1	-1	-1	-1	-1	-1	-1	-1	-1	-1
458	遥远的史诗	0	0	3	-1	-1	-1	-1	-1	-1	-1	-1	-1	-1	5742	5742	-1	-1	-1	5	-1	10000	待定	1	15450	2	110000	-1	-1	-1	-1	-1	-1	-1	-1	-1	459	-1	-1	20	-1	-1	-1	-1	1	-1	7863	-1	0	0	0	-1	0	-1	-1	-1	-1	-1	-1	-1	-1	-1	-1
500	幽冥魔殿-普通	0	2	0	-1	-1	-1	-1	-1	-1	-1	-1	-1	-1	99999	99999	-1	-1	-1	10	-1	25500	就算海水枯竭、星辰坠落，魔主的灵魂都将永生不灭，因为光会熄灭，可是黑暗永远不会消失。——黑暗魔王斯卡	1	100009	2	100018	5	100000	20307	100027	542	-1	136	137	138	500	-1	0	-1	-1	-1	-1	-1	1	-1	5000	-1	0	0	0	2	1	-1	1	-1	-1	-1	-1	-1	-1	-1	-1
501	幽冥魔殿-精英	0	2	1	-1	-1	-1	-1	-1	-1	-1	-1	-1	-1	3050	3050	-1	-1	-1	10	-1	50000	就算海水枯竭、星辰坠落，魔主的灵魂都将永生不灭，因为光会熄灭，可是黑暗永远不会消失。——黑暗魔王斯卡	1	100010	2	100019	5	100001	20307	100027	542	-1	139	140	141	501	-1	1	-1	-1	-1	-1	-1	1	-1	5010	-1	0	0	0	2	1	-1	1	-1	-1	-1	-1	-1	-1	-1	-1
502	幽冥魔殿	0	2	2	-1	-1	-1	-1	-1	-1	-1	-1	-1	-1	2004	2009	-1	-1	-1	10	-1	80000	就算海水枯竭、星辰坠落，魔主的灵魂都将永生不灭，因为光会熄灭，可是黑暗永远不会消失。——黑暗魔王斯卡	1	100011	2	100020	5	100002	20307	100027	542	-1	142	143	144	502	-1	2	-1	-1	-1	-1	-1	1	-1	5020	-1	0	0	0	2	1	-1	1	-1	-1	-1	-1	-1	-1	-1	-1
503	炽焰炼狱-普通	0	2	0	-1	-1	-1	-1	-1	-1	-1	-1	-1	-1	99999	99999	-1	-1	-1	10	-1	118350	跟随我的脚步，炼狱之火将焚烧你身上所有的不洁，你将没有疾病、没有忧愁、没有痛苦，这是来自地狱的恩赐。——地狱使者阿德斯	1	100012	2	100021	5	100003	20308	100028	543	-1	241	242	243	503	-1	3	-1	-1	-1	-1	-1	1	-1	5030	-1	0	0	0	2	1	-1	1	-1	-1	-1	-1	-1	-1	-1	-1
504	炽焰炼狱-精英	0	2	1	-1	-1	-1	-1	-1	-1	-1	-1	-1	-1	3052	3052	-1	-1	-1	10	-1	140250	跟随我的脚步，炼狱之火将焚烧你身上所有的不洁，你将没有疾病、没有忧愁、没有痛苦，这是来自地狱的恩赐。——地狱使者阿德斯	1	100013	2	100022	5	100004	20308	100028	543	-1	244	245	246	504	-1	4	-1	-1	-1	-1	-1	1	-1	5040	-1	0	0	0	2	1	-1	1	-1	-1	-1	-1	-1	-1	-1	-1
505	炽焰炼狱	0	2	2	-1	-1	-1	-1	-1	-1	-1	-1	-1	-1	2010	2014	-1	-1	-1	10	-1	175000	跟随我的脚步，炼狱之火将焚烧你身上所有的不洁，你将没有疾病、没有忧愁、没有痛苦，这是来自地狱的恩赐。——地狱使者阿德斯	1	100014	2	100023	5	100005	20308	100028	543	-1	247	248	249	505	-1	5	-1	-1	-1	-1	-1	1	-1	5050	-1	0	0	0	2	1	-1	1	-1	-1	-1	-1	-1	-1	-1	-1
506	死亡漩涡-普通	0	2	0	-1	-1	-1	-1	-1	-1	-1	-1	-1	-1	99999	99999	-1	-1	-1	10	-1	157400	给你一个善意的提醒，永远不要盯着我的眼睛，那会让你跌入无尽的深渊，直至死亡，才能让你获得解脱。——深海魔后赫卡忒	1	100015	2	100024	5	100006	20309	100029	544	-1	450	451	452	506	-1	11	-1	-1	-1	-1	-1	1	-1	5060	-1	0	0	0	2	1	-1	1	-1	-1	-1	-1	-1	-1	-1	-1
507	死亡漩涡-精英	0	2	1	-1	-1	-1	-1	-1	-1	-1	-1	-1	-1	3054	3054	-1	-1	-1	10	-1	180000	给你一个善意的提醒，永远不要盯着我的眼睛，那会让你跌入无尽的深渊，直至死亡，才能让你获得解脱。——深海魔后赫卡忒	1	100016	2	100025	5	100007	20309	100029	544	-1	453	454	455	507	-1	12	-1	-1	-1	-1	-1	1	-1	5070	-1	0	0	0	2	1	-1	1	-1	-1	-1	-1	-1	-1	-1	-1
508	死亡漩涡	0	2	2	-1	-1	-1	-1	-1	-1	-1	-1	-1	-1	2014	2017	-1	-1	-1	10	-1	220000	给你一个善意的提醒，永远不要盯着我的眼睛，那会让你跌入无尽的深渊，直至死亡，才能让你获得解脱。——深海魔后赫卡忒	1	100017	2	100026	5	100008	20309	100029	544	-1	456	457	458	508	-1	13	-1	-1	-1	-1	-1	1	-1	5080	-1	0	0	0	2	1	-1	1	-1	-1	-1	-1	-1	-1	-1	-1
509	沙城魔域	0	2	2	-1	-1	-1	-1	-1	-1	-1	-1	-1	-1	2017	2019	-1	-1	-1	10	-1	779000	黑暗将一点点的将你们吞噬，滋润这片土地生长更多的邪恶，而你们终将化作这里的风沙。——沙魔阿卡门农	1	100033	2	100034	5	100032	20310	100035	545	-1	760	761	762	509	-1	15	-1	-1	-1	-1	-1	1	-1	5090	-1	0	0	0	2	1	-1	1	-1	-1	-1	-1	-1	-1	-1	-1
1000	要塞	0	0	3	-1	-1	-1	-1	-1	-1	-1	-1	-1	-1	99999	99999	-1	-1	-1	10	-1	10000	待定	-1	-1	-1	-1	-1	-1	-1	-1	-1	-1	-1	-1	-1	1000	-1	-1	-1	-1	-1	-1	-1	1	-1	-1	-1	0	0	0	-1	0	-1	-1	-1	-1	-1	-1	-1	-1	-1	-1
1001	竞技场	3	14	3	-1	-1	-1	-1	-1	-1	-1	-1	-1	-1	99999	99999	-1	-1	-1	10	-1	10000	待定	-1	-1	-1	-1	-1	-1	-1	-1	-1	-1	-1	-1	-1	1001	-1	-1	-1	-1	-1	-1	-1	1	-1	-1	-1	0	0	0	-1	0	-1	-1	-1	-1	-1	-1	-1	-1	-1	-1
1010	贪财地精	1	24	3	-1	-1	1	-1	-1	-1	-1	-1	-1	-1	2017	2017	-1	-1	-1	10	-1	10000	不好！地精要携带玛雅大陆的财富逃跑！一定要拦截住他们！	5	2000	-1	-1	-1	-1	-1	-1	-1	-1	445	-1	-1	1010	-1	-1	-1	-1	-1	-1	-1	0	-1	3000	-1	0	0	0	2	0	-1	-1	-1	-1	-1	-1	-1	-1	-1	-1
1015	贪财地精	1	24	3	-1	-1	1	-1	-1	-1	-1	-1	-1	-1	0	99993	-1	-1	-1	10	-1	10000	不好！地精要携带玛雅大陆的财富逃跑！一定要拦截住他们！	5	2000	-1	-1	-1	-1	-1	-1	-1	-1	445	-1	-1	1010	-1	-1	-1	-1	-1	-1	-1	0	-1	3000	-1	0	0	0	2	0	-1	-1	-1	-1	-1	-1	-1	-1	-1	-1
1019	守卫大陆	1	25	3	-1	-1	1	-1	-1	-1	-1	-1	-1	-1	323	323	-1	-1	-1	10	-1	10000	魔域大举入侵玛雅大陆，请勇者们尽快的击杀这些怪物，可获得大量的经验奖励。	1	92000	-1	-1	-1	-1	-1	-1	-1	-1	446	-1	-1	1019	-1	-1	-1	-1	-1	-1	-1	0	-1	-1	-1	0	0	0	2	0	-1	1	1	-1	-1	-1	-1	-1	-1	89005|89006|89007|1290018|89008|89009|89010|1290019|89011|89012|89013|1290020|89014|89015|89016|1290021
1020	守卫大陆	1	25	3	-1	-1	1	-1	-1	-1	-1	-1	-1	-1	45100	45100	-1	-1	-1	10	-1	10000	魔域大举入侵玛雅大陆，请勇者们尽快的击杀这些怪物，可获得大量的经验奖励。	1	92000	-1	-1	-1	-1	-1	-1	-1	-1	446	-1	-1	1020	-1	-1	-1	-1	-1	-1	-1	0	-1	-1	-1	0	0	0	2	0	-1	1	1	-1	-1	-1	-1	-1	-1	90005|90006|90007|1300018|90008|90009|90010|1300019|90011|90012|90013|1300020|90014|90015|90016|1300021
1021	守卫大陆	1	25	3	-1	-1	1	-1	-1	-1	-1	-1	-1	-1	45101	45101	-1	-1	-1	10	-1	10000	魔域大举入侵玛雅大陆，请勇者们尽快的击杀这些怪物，可获得大量的经验奖励。	1	92010	-1	-1	-1	-1	-1	-1	-1	-1	446	-1	-1	1021	-1	-1	-1	-1	-1	-1	-1	0	-1	-1	-1	0	0	0	2	0	-1	1	1	-1	-1	-1	-1	-1	-1	90017|90018|90019|1300034|90020|90021|90022|1300035|90023|90024|90025|1300036|90026|90027|90028|1300037
1022	守卫大陆	1	25	3	-1	-1	1	-1	-1	-1	-1	-1	-1	-1	45102	45102	-1	-1	-1	10	-1	10000	魔域大举入侵玛雅大陆，请勇者们尽快的击杀这些怪物，可获得大量的经验奖励。	1	92020	-1	-1	-1	-1	-1	-1	-1	-1	446	-1	-1	1022	-1	-1	-1	-1	-1	-1	-1	0	-1	-1	-1	0	0	0	2	0	-1	1	1	-1	-1	-1	-1	-1	-1	90029|90030|90031|1300050|90032|90033|90034|1300051|90035|90036|90037|1300052|90038|90039|90040|1300053
1023	守卫大陆	1	25	3	-1	-1	1	-1	-1	-1	-1	-1	-1	-1	45103	45103	-1	-1	-1	10	-1	10000	魔域大举入侵玛雅大陆，请勇者们尽快的击杀这些怪物，可获得大量的经验奖励。	1	92030	-1	-1	-1	-1	-1	-1	-1	-1	446	-1	-1	1023	-1	-1	-1	-1	-1	-1	-1	0	-1	-1	-1	0	0	0	2	0	-1	1	1	-1	-1	-1	-1	-1	-1	90041|90042|90043|1300066|90044|90045|90046|1300067|90047|90048|90049|1300068|90050|90051|90052|1300069
1030	守卫大陆	1	25	3	-1	-1	1	-1	-1	-1	-1	-1	-1	-1	0	99992	-1	-1	-1	10	-1	10000	魔域大举入侵玛雅大陆，请勇者们尽快的击杀这些怪物，可获得大量的经验奖励。	1	92030	-1	-1	-1	-1	-1	-1	-1	-1	446	-1	-1	1023	-1	-1	-1	-1	-1	-1	-1	0	-1	-1	-1	0	0	0	2	0	-1	1	1	-1	-1	-1	-1	-1	-1	90041|90042|90043|1300066|90044|90045|90046|1300067|90047|90048|90049|1300068|90050|90051|90052|1300069
1050	多人守卫大陆	1	23	3	-1	-1	1	-1	-1	-1	-1	-1	-1	-1	2015	2015	-1	-1	-1	10	-1	10000	魔域不死心，居然积攒了更多的力量想要进攻大陆。\n恐怕凭借你一人之力难以应付，多叫上几个朋友一起守卫玛雅大陆！\n（据说黑市商人可能在此出没）	1	91016	2	91000	22066	91020	-1	-1	491	-1	447	-1	-1	1050	-1	120	-1	-1	-1	-1	-1	0	-1	-1	-1	0	0	0	2	1	-1	1	1	90	2500	-1	-1	-1	-1	-1
1060	多人守卫大陆	1	23	3	-1	-1	-1	-1	-1	-1	-1	-1	-1	-1	0	99994	-1	-1	-1	10	-1	10000	魔域不死心，居然积攒了更多的力量想要进攻大陆。\n恐怕凭借你一人之力难以应付，多叫上几个朋友一起守卫玛雅大陆！\n（据说黑市商人可能在此出没）	1	91016	2	91000	22066	91020	-1	-1	491	-1	447	-1	-1	1050	-1	120	-1	-1	-1	-1	-1	0	-1	-1	-1	0	0	0	2	1	-1	1	1	-1	-1	-1	-1	-1	-1	-1
2000	神魔斗场	3	9	3	-1	-1	-1	-1	-1	-1	-1	-1	-1	-1	49005	49005	2030	60	-1	10	-1	3000	神魔之战危险重重，摧毁敌方防线，击败对方的首领，\n夺得属于你的胜利！\n每天晚上20点-22点参与还有额外奖励！	11	10000	1	156000	2	31500	-1	-1	478	479	311	546	310	2000	547	6	-1	101007	101014	101000	101021	1	2	6000	-1	0	0	0	-1	1	-1	1	-1	-1	-1	-1	-1	-1	-1	-1
2001	神魔斗场	3	10	3	-1	-1	-1	-1	-1	-1	-1	-1	-1	-1	49006	49006	2030	60	-1	10	-1	5000	神魔之战危险重重，摧毁敌方防线，击败对方的首领，\n夺得属于你的胜利！\n每天晚上20点-22点参与还有额外奖励！	11	15000	1	231000	2	61875	-1	-1	478	479	311	546	310	2001	547	7	-1	101008	101015	101001	101022	1	2	6001	-1	0	0	0	-1	1	-1	1	-1	-1	-1	-1	-1	-1	-1	-1
2002	神魔斗场	3	11	3	-1	-1	-1	-1	-1	-1	-1	-1	-1	-1	49007	49007	2030	60	-1	10	-1	30000	神魔之战危险重重，摧毁敌方防线，击败对方的首领，\n夺得属于你的胜利！\n每天晚上20点-22点参与还有额外奖励！	11	20000	1	321000	2	91125	-1	-1	478	479	311	546	310	2002	547	8	-1	101009	101016	101002	101023	1	2	6002	-1	0	0	0	-1	1	-1	1	-1	-1	-1	-1	-1	-1	-1	-1
2003	神魔斗场	3	12	3	-1	-1	-1	-1	-1	-1	-1	-1	-1	-1	49008	49008	2030	60	-1	10	-1	50000	神魔之战危险重重，摧毁敌方防线，击败对方的首领，\n夺得属于你的胜利！\n每天晚上20点-22点参与还有额外奖励！	11	25000	1	426000	2	124875	-1	-1	478	479	311	546	310	2003	547	9	-1	101010	101017	101003	101024	1	2	6003	-1	0	0	0	-1	1	-1	1	-1	-1	-1	-1	-1	-1	-1	-1
2004	神魔斗场	3	13	3	-1	-1	-1	-1	-1	-1	-1	-1	-1	-1	49009	49009	2030	60	-1	10	-1	80000	神魔之战危险重重，摧毁敌方防线，击败对方的首领，\n夺得属于你的胜利！\n每天晚上20点-22点参与还有额外奖励！	11	30000	1	546000	2	164250	-1	-1	478	479	311	546	310	2004	547	10	-1	101011	101018	101004	101025	1	2	6004	-1	0	0	0	-1	1	-1	1	-1	-1	-1	-1	-1	-1	-1	-1
2100	冰域征战	3	15	3	-1	-1	-1	-1	-1	-1	-1	-1	-1	-1	49505	49505	2030	60	-1	20	-1	3000	占领战场据点，获取积分奖励，磨练团队意志。\n占领更多的据点可以更快速获得积分，离胜利也就越近！\n每天晚上20点-22点参与还有额外奖励！	11	10000	1	156000	2	31500	-1	-1	478	479	438	548	439	2100	549	300	-1	102007	102014	102000	102021	1	2	6500	-1	0	0	0	-1	1	-1	1	-1	-1	-1	-1	-1	-1	-1	-1
2101	冰域征战	3	16	3	-1	-1	-1	-1	-1	-1	-1	-1	-1	-1	49506	49506	2030	60	-1	20	-1	5000	占领战场据点，获取积分奖励，磨练团队意志。\n占领更多的据点可以更快速获得积分，离胜利也就越近！\n每天晚上20点-22点参与还有额外奖励！	11	15000	1	231000	2	61875	-1	-1	478	479	438	548	439	2101	549	301	-1	102008	102015	102001	102022	1	2	6500	-1	0	0	0	-1	1	-1	1	-1	-1	-1	-1	-1	-1	-1	-1
2102	冰域征战	3	17	3	-1	-1	-1	-1	-1	-1	-1	-1	-1	-1	49507	49507	2030	60	-1	20	-1	30000	占领战场据点，获取积分奖励，磨练团队意志。\n占领更多的据点可以更快速获得积分，离胜利也就越近！\n每天晚上20点-22点参与还有额外奖励！	11	20000	1	321000	2	91125	-1	-1	478	479	438	548	439	2102	549	302	-1	102009	102016	102002	102023	1	2	6500	-1	0	0	0	-1	1	-1	1	-1	-1	-1	-1	-1	-1	-1	-1
2103	冰域征战	3	18	3	-1	-1	-1	-1	-1	-1	-1	-1	-1	-1	49508	49508	2030	60	-1	20	-1	50000	占领战场据点，获取积分奖励，磨练团队意志。\n占领更多的据点可以更快速获得积分，离胜利也就越近！\n每天晚上20点-22点参与还有额外奖励！	11	25000	1	426000	2	124875	-1	-1	478	479	438	548	439	2103	549	303	-1	102010	102017	102003	102024	1	2	6500	-1	0	0	0	-1	1	-1	1	-1	-1	-1	-1	-1	-1	-1	-1
2104	冰域征战	3	19	3	-1	-1	-1	-1	-1	-1	-1	-1	-1	-1	49509	49509	2030	60	-1	20	-1	80000	占领战场据点，获取积分奖励，磨练团队意志。\n占领更多的据点可以更快速获得积分，离胜利也就越近！\n每天晚上20点-22点参与还有额外奖励！	11	30000	1	546000	2	164250	-1	-1	478	479	438	548	439	2104	549	304	-1	102011	102018	102004	102025	1	2	6500	-1	0	0	0	-1	1	-1	1	-1	-1	-1	-1	-1	-1	-1	-1
3000	恶魔回廊第一层	1	3	3	-1	-1	-1	-1	-1	-1	-1	-1	-1	-1	99999	99999	-1	-1	-1	5	-1	3000	恶魔回廊中游荡着各种各样的怪物	1	1000	2	10000	-1	-1	-1	-1	-1	-1	-1	-1	-1	3000	-1	-1	0	1000	1000	6	-1	1	-1	-1	-1	0	0	0	2	0	-1	-1	-1	-1	-1	-1	-1	-1	-1	-1
3001	恶魔回廊第二层	1	3	3	-1	-1	-1	-1	-1	-1	-1	-1	-1	-1	99999	99999	-1	-1	-1	5	-1	3000	恶魔回廊中游荡着各种各样的怪物	1	1000	2	10000	-1	-1	-1	-1	-1	-1	-1	-1	-1	3001	-1	-1	0	1000	1000	6	-1	1	-1	-1	-1	0	0	0	2	0	-1	-1	-1	-1	-1	-1	-1	-1	-1	-1
3002	恶魔回廊第三层	1	3	3	-1	-1	-1	-1	-1	-1	-1	-1	-1	-1	99999	99999	-1	-1	-1	5	-1	3000	恶魔回廊中游荡着各种各样的怪物	1	1000	2	10000	-1	-1	-1	-1	-1	-1	-1	-1	-1	3002	-1	-1	0	1000	1000	6	-1	1	-1	-1	-1	0	0	0	2	0	-1	-1	-1	-1	-1	-1	-1	-1	-1	-1
3003	恶魔回廊第四层	1	3	3	-1	-1	-1	-1	-1	-1	-1	-1	-1	-1	99999	99999	-1	-1	-1	5	-1	3000	恶魔回廊中游荡着各种各样的怪物	1	1000	2	10000	-1	-1	-1	-1	-1	-1	-1	-1	-1	3003	-1	-1	0	1000	1000	6	-1	1	-1	-1	-1	0	0	0	2	0	-1	-1	-1	-1	-1	-1	-1	-1	-1	-1
3004	恶魔回廊第五层	1	3	3	-1	-1	-1	-1	-1	-1	-1	-1	-1	-1	99999	99999	-1	-1	-1	5	-1	3000	恶魔回廊中游荡着各种各样的怪物	1	1000	2	10000	-1	-1	-1	-1	-1	-1	-1	-1	-1	3004	-1	-1	0	1000	1000	6	-1	1	-1	-1	-1	0	0	0	2	0	-1	-1	-1	-1	-1	-1	-1	-1	-1	-1
4000	亡灵城堡	1	5	3	-1	-1	2	-1	22015	1	-1	-1	-1	-1	45000	45000	-1	-1	-1	10	-1	10500	攻入亡灵建造的城堡，粉碎亡灵传送阵，彻底摧毁亡灵进攻玛雅大陆的阴谋诡计！\n城堡中的魔物十分凶恶，建议组队前往。	2	90000	22018	5	-1	-1	-1	-1	-1	-1	299	-1	301	4000	-1	100	-1	3000000	240000	1000401	-1	0	0	1999	-1	1	1200000	600000	2	1	1	-1	-1	73	0	-1	-1	-1	-1	-1
4001	亡灵城堡	1	5	3	-1	-1	2	-1	22015	1	-1	-1	-1	-1	45002	45002	-1	2	2	10	-1	10500	攻入亡灵建造的城堡，粉碎亡灵传送阵，彻底摧毁亡灵进攻玛雅大陆的阴谋诡计！\n城堡中的魔物十分凶恶，建议组队前往。\n（据说黑市商人可能在此出没）\n[FFD700]限制等级：[-]1-99级	2	90000	22018	6	-1	-1	-1	-1	-1	-1	299	-1	301	4001	-1	101	-1	3000000	240000	1000402	-1	0	0	2009	-1	1	1200000	600000	2	1	1	-1	-1	74	2500	-1	-1	-1	-1	-1
4002	亡灵城堡	1	5	3	-1	-1	2	-1	22015	1	-1	-1	-1	-1	45003	45003	-1	2	2	10	-1	61000	攻入亡灵建造的城堡，粉碎亡灵传送阵，彻底摧毁亡灵进攻玛雅大陆的阴谋诡计！\n城堡中的魔物十分凶恶，建议组队前往。\n（据说黑市商人可能在此出没）\n[FFD700]限制等级：[-]100-149级	2	180000	22018	8	-1	-1	-1	-1	-1	-1	299	-1	301	4002	-1	102	-1	6000000	360000	1000403	-1	0	0	2019	-1	1	2400000	1200000	2	1	1	-1	-1	75	2500	-1	-1	-1	-1	-1
4003	亡灵城堡	1	5	3	-1	-1	2	-1	22015	1	-1	-1	-1	-1	45004	45004	-1	2	2	10	-1	132000	攻入亡灵建造的城堡，粉碎亡灵传送阵，彻底摧毁亡灵进攻玛雅大陆的阴谋诡计！\n城堡中的魔物十分凶恶，建议组队前往。\n（据说黑市商人可能在此出没）\n[FFD700]限制等级：[-]150-199级	2	315000	22018	10	-1	-1	-1	-1	-1	-1	299	-1	301	4003	-1	103	-1	12000000	630000	1000404	-1	0	0	2029	-1	1	7680000	3840000	2	1	1	-1	-1	76	2500	-1	-1	-1	-1	-1
4004	亡灵城堡	1	5	3	-1	-1	2	-1	22015	1	-1	-1	-1	-1	45005	45005	-1	2	2	10	-1	208000	攻入亡灵建造的城堡，粉碎亡灵传送阵，彻底摧毁亡灵进攻玛雅大陆的阴谋诡计！\n城堡中的魔物十分凶恶，建议组队前往。\n（据说黑市商人可能在此出没）\n[FFD700]限制等级：[-]200-249级	2	495000	22018	12	-1	-1	-1	-1	-1	-1	299	-1	301	4004	-1	104	-1	12000000	990000	1000405	-1	0	0	2039	-1	1	10560000	5280000	2	1	1	-1	-1	77	2500	-1	-1	-1	-1	-1
4005	亡灵城堡	1	5	3	-1	-1	2	-1	22015	1	-1	-1	-1	-1	45006	45006	-1	2	2	10	-1	395000	攻入亡灵建造的城堡，粉碎亡灵传送阵，彻底摧毁亡灵进攻玛雅大陆的阴谋诡计！\n城堡中的魔物十分凶恶，建议组队前往。\n（据说黑市商人可能在此出没）\n[FFD700]限制等级：[-]250-299级	2	720000	22018	15	-1	-1	-1	-1	-1	-1	299	-1	301	4005	-1	105	-1	16000000	1440000	1000406	-1	0	0	2049	-1	1	13440000	6720000	2	1	1	-1	-1	78	2500	-1	-1	-1	-1	-1
4006	亡灵城堡	1	5	3	-1	-1	2	-1	22015	1	-1	-1	-1	-1	45007	45007	-1	2	2	10	-1	580000	攻入亡灵建造的城堡，粉碎亡灵传送阵，彻底摧毁亡灵进攻玛雅大陆的阴谋诡计！\n城堡中的魔物十分凶恶，建议组队前往。\n（据说黑市商人可能在此出没）\n[FFD700]限制等级：[-]300-349级	2	990000	22018	18	-1	-1	-1	-1	-1	-1	299	-1	301	4006	-1	106	-1	18000000	1980000	1000407	-1	0	0	2059	-1	1	16320000	8160000	2	1	1	-1	-1	79	2500	-1	-1	-1	-1	-1
4007	亡灵城堡	1	5	3	-1	-1	2	-1	22015	1	-1	-1	-1	-1	45008	45008	-1	2	2	10	-1	800000	攻入亡灵建造的城堡，粉碎亡灵传送阵，彻底摧毁亡灵进攻玛雅大陆的阴谋诡计！\n城堡中的魔物十分凶恶，建议组队前往。\n（据说黑市商人可能在此出没）\n[FFD700]限制等级：[-]350-399级	2	1305000	22018	20	-1	-1	-1	-1	-1	-1	299	-1	301	4007	-1	107	-1	20000000	2610000	1000408	-1	0	0	2069	-1	1	19200000	9600000	2	1	1	-1	-1	80	2500	-1	-1	-1	-1	-1
4100	亡灵城堡	1	5	3	-1	-1	2	-1	22015	1	-1	-1	-1	-1	0	99999	-1	2	2	10	-1	800000	攻入亡灵建造的城堡，粉碎亡灵传送阵，彻底摧毁亡灵进攻玛雅大陆的阴谋诡计！\n城堡中的魔物十分凶恶，建议组队前往。\n（据说黑市商人可能在此出没）	2	1305000	22018	25	-1	-1	-1	-1	-1	-1	299	-1	301	4007	-1	107	-1	20000000	2610000	1000408	-1	0	0	2069	-1	1	19200000	9600000	2	1	1	-1	-1	80	2500	-1	-1	-1	-1	-1
5000	地狱监牢	1	4	3	-1	-1	2	-1	22012	1	-1	-1	-1	-1	45001	45001	-1	-1	-1	10	-1	6100	清理囚禁恶魔的监牢，重现玛雅勇者的荣耀！\n监牢中有大量的魔物，建议组队前往。	22017	30	23198	1	-1	-1	-1	-1	-1	-1	300	-1	302	5000	-1	110	-1	2750000	0	1000301	-1	0	1	999	-1	1	1160000	580000	2	1	1	-1	-1	81	0	-1	-1	-1	-1	-1
5001	地狱监牢	1	4	3	-1	-1	2	-1	22012	1	-1	-1	-1	-1	45009	45009	-1	2	2	10	-1	6100	清理囚禁恶魔的监牢，重现玛雅勇者的荣耀！\n监牢中有大量的魔物，建议组队前往。\n（据说黑市商人可能在此出没）\n[FFD700]限制等级：[-]1-99级	22017	35	23198	1	-1	-1	-1	-1	-1	-1	300	-1	302	5001	-1	111	-1	2750000	0	1000302	-1	0	1	1009	-1	1	1160000	580000	2	1	1	-1	-1	82	2500	-1	-1	-1	-1	-1
5002	地狱监牢	1	4	3	-1	-1	2	-1	22012	1	-1	-1	-1	-1	45010	45010	-1	2	2	10	-1	61000	清理囚禁恶魔的监牢，重现玛雅勇者的荣耀！\n监牢中有大量的魔物，建议组队前往。\n（据说黑市商人可能在此出没）\n[FFD700]限制等级：[-]100-149级	22017	40	23198	2	-1	-1	-1	-1	-1	-1	300	-1	302	5002	-1	112	-1	5500000	0	1000303	-1	0	1	1019	-1	1	2320000	1160000	2	1	1	-1	-1	83	2500	-1	-1	-1	-1	-1
5003	地狱监牢	1	4	3	-1	-1	2	-1	22012	1	-1	-1	-1	-1	45011	45011	-1	2	2	10	-1	132000	清理囚禁恶魔的监牢，重现玛雅勇者的荣耀！\n监牢中有大量的魔物，建议组队前往。\n（据说黑市商人可能在此出没）\n[FFD700]限制等级：[-]150-199级	22017	45	23198	2	-1	-1	-1	-1	-1	-1	300	-1	302	5003	-1	113	-1	11000000	0	1000304	-1	0	1	1029	-1	1	7040000	3520000	2	1	1	-1	-1	84	2500	-1	-1	-1	-1	-1
5004	地狱监牢	1	4	3	-1	-1	2	-1	22012	1	-1	-1	-1	-1	45012	45012	-1	2	2	10	-1	208000	清理囚禁恶魔的监牢，重现玛雅勇者的荣耀！\n监牢中有大量的魔物，建议组队前往。\n（据说黑市商人可能在此出没）\n[FFD700]限制等级：[-]200-249级	22017	50	23198	3	-1	-1	-1	-1	-1	-1	300	-1	302	5004	-1	114	-1	11000000	0	1000305	-1	0	1	1039	-1	1	9440000	4720000	2	1	1	-1	-1	85	2500	-1	-1	-1	-1	-1
5005	地狱监牢	1	4	3	-1	-1	2	-1	22012	1	-1	-1	-1	-1	45013	45013	-1	2	2	10	-1	395000	清理囚禁恶魔的监牢，重现玛雅勇者的荣耀！\n监牢中有大量的魔物，建议组队前往。\n（据说黑市商人可能在此出没）\n[FFD700]限制等级：[-]250-299级	22017	55	23198	3	-1	-1	-1	-1	-1	-1	300	-1	302	5005	-1	115	-1	11000000	0	1000306	-1	0	1	1049	-1	1	11840000	5920000	2	1	1	-1	-1	86	2500	-1	-1	-1	-1	-1
5006	地狱监牢	1	4	3	-1	-1	2	-1	22012	1	-1	-1	-1	-1	45014	45014	-1	2	2	10	-1	580000	清理囚禁恶魔的监牢，重现玛雅勇者的荣耀！\n监牢中有大量的魔物，建议组队前往。\n（据说黑市商人可能在此出没）\n[FFD700]限制等级：[-]300-349级	22017	60	23198	4	-1	-1	-1	-1	-1	-1	300	-1	302	5006	-1	116	-1	13000000	0	1000307	-1	0	1	1059	-1	1	14240000	7120000	2	1	1	-1	-1	87	2500	-1	-1	-1	-1	-1
5007	地狱监牢	1	4	3	-1	-1	2	-1	22012	1	-1	-1	-1	-1	45015	45015	-1	2	2	10	-1	800000	清理囚禁恶魔的监牢，重现玛雅勇者的荣耀！\n监牢中有大量的魔物，建议组队前往。\n（据说黑市商人可能在此出没）\n[FFD700]限制等级：[-]350-399级	22017	70	23198	4	-1	-1	-1	-1	-1	-1	300	-1	302	5007	-1	117	-1	15000000	0	1000308	-1	0	1	1069	-1	1	16640000	8320000	2	1	1	-1	-1	88	2500	-1	-1	-1	-1	-1
5100	地狱监牢	1	4	3	-1	-1	2	-1	22012	1	-1	-1	-1	-1	0	99999	-1	2	2	10	-1	800000	清理囚禁恶魔的监牢，重现玛雅勇者的荣耀！\n监牢中有大量的魔物，建议组队前往。\n（据说黑市商人可能在此出没）	22017	80	23198	4	-1	-1	-1	-1	-1	-1	300	-1	302	5007	-1	117	-1	17000000	0	1000308	-1	0	1	1069	-1	1	16640000	8320000	2	1	1	-1	-1	88	2500	-1	-1	-1	-1	-1
6000	世界魔王	1	6	3	-1	-1	2	-1	-1	-1	-1	-1	-1	-1	2007	2007	1210|2130	12	2	10	-1	-1	警告！警告！火龙王再次来袭！玛雅大陆即将陷入危机！\n被圣光笼罩的勇士们啊！鼓起你们的勇气！拿起你们的武器！守护玛雅女神！消灭火龙王！(每天可参加两次)	22017	10	22018	5	-1	-1	-1	-1	-1	-1	27	-1	-1	6000	-1	200	-1	-1	-1	-1	-1	1	-1	-1	-1	0	0	0	5	0	-1	-1	-1	-1	-1	-1	-1	-1	-1	-1
6010	世界魔王	1	6	3	-1	-1	2	-1	-1	-1	-1	-1	-1	-1	0	99997	1210|2130	12	2	10	-1	-1	警告！警告！火龙王再次来袭！玛雅大陆即将陷入危机！\n被圣光笼罩的勇士们啊！鼓起你们的勇气！拿起你们的武器！守护玛雅女神！消灭火龙王！(每天可参加两次)	22017	10	22018	5	-1	-1	-1	-1	-1	-1	27	-1	-1	6000	-1	200	-1	-1	-1	-1	-1	1	-1	-1	-1	0	0	0	5	0	-1	-1	-1	-1	-1	-1	-1	-1	-1	-1
6100	冰封神迹	4	20	3	-1	-1	1	-1	-1	-1	-1	-1	-1	-1	2014	2014	-1	-1	-1	10	-1	-1	魔域想要抢夺遗迹！防御塔支撑不了多久，请勇者们一同前往守卫。\n在此活动中，守住的塔越多，评价星级就越高，获得的奖励也就越多喔！\n（据说黑市商人可能在此出没）	2	103000	7	103001	-1	-1	-1	-1	-1	-1	449	-1	-1	6100	-1	14	-1	-1	-1	-1	-1	0	1	8000	-1	1	6000000	3000000	2	1	-1	1	1	89	2500	-1	-1	-1	-1	-1
6105	冰封神迹	4	20	3	-1	-1	1	-1	-1	-1	-1	-1	-1	-1	0	99988	-1	-1	-1	10	-1	-1	魔域想要抢夺遗迹！防御塔支撑不了多久，请勇者们一同前往守卫。\n在此活动中，守住的塔越多，评价星级就越高，获得的奖励也就越多喔！\n（据说黑市商人可能在此出没）	2	103000	7	103001	-1	-1	-1	-1	-1	-1	449	-1	-1	6100	-1	14	-1	-1	-1	-1	-1	0	1	8000	-1	1	6000000	3000000	2	1	-1	1	1	-1	-1	-1	-1	-1	-1	-1
6110	灭世之战I:侵袭	4	33	3	-1	-1	-1	-1	-1	-1	-1	-1	-1	-1	2002	-1	-1	-1	1	30	-1	320000	狂风肆虐，风沙撕裂天空，魔主的先锋部队兵分三路，直奔玛雅大陆的玛雅圣坛，防御塔即将破碎，勇士们为人类而战!	2	1000	2	1000	2	1000	2	1000	-1	1	-1	-1	-1	6110	-1	-1	-1	-1	-1	-1	-1	1	1	12001	-1	1	6000000	3000000	1	1	-1	1	1	-1	-1	225008	-1	  1.报名阶段:玩家可提升炮台等级.提升后炮塔血量及攻击技能强度增加，并且每次提升可获得道具礼包以及贡献值.\n  2.战斗阶段,4波怪物从三个方向攻击炮台及圣坛.\n  3.清空前三波怪物才出现第4波魔王,击杀魔王可获得宝箱奖励,有几率开出稀有道具.\n  4.战斗胜利时,炮台剩余数量越多,全服奖励越多(奖励通过邮件发送).\n  5.如果在倒计时结束前没有击杀所有BOSS会视为灭世失败.\n  6.灭世失败会导致全服玩家获得称号惩罚：[FF3A3A]劫后余生[-].\n  7.每场灭世战役中伤害最高的玩家会获得专属称号：[FFFF00]玛雅战神[-]，并被永久载入《救世英雄录》	1	226018|226000|226001|226002|226003|226004|226005
6111	灭世之战II:谎言	4	33	3	-1	-1	-1	-1	-1	-1	-1	-1	-1	-1	2003	-1	-1	-1	1	30	-1	460000	漫天火雨，烈焰焚烧山地，魔主的部队已经兵临城下，他们誓要摧毁人类文明，家园已濒临毁灭，英雄们为信仰而战!	2	1000	2	1000	2	1000	2	1000	-1	1	-1	-1	-1	6111	-1	-1	-1	-1	-1	-1	-1	1	1	12001	-1	1	6000000	3000000	1	1	-1	1	1	-1	-1	225017	-1	  1.报名阶段:玩家可提升炮台等级.提升后炮塔血量及攻击技能强度增加，并且每次提升可获得道具礼包以及贡献值.\n  2.战斗阶段,4波怪物从三个方向攻击炮台及圣坛.\n  3.清空前三波怪物才出现第4波魔王,击杀魔王可获得宝箱奖励,有几率开出稀有道具.\n  4.战斗胜利时,炮台剩余数量越多,全服奖励越多(奖励通过邮件发送).\n  5.如果在倒计时结束前没有击杀所有BOSS会视为灭世失败.\n  6.灭世失败会导致全服玩家获得称号惩罚：[FF3A3A]劫后余生[-].\n  7.每场灭世战役中伤害最高的玩家会获得专属称号：[FFFF00]玛雅战神[-]，并被永久载入《救世英雄录》	2	226019|226006|226007|226008|226009|226010|226011
6112	灭世之战III:原罪	4	33	3	-1	-1	-1	-1	-1	-1	-1	-1	-1	-1	2004	-1	-1	-1	1	30	-1	620000	大地翻覆，深渊吞噬一切，魔主的真身即将降临人间，他的阴影欲要笼罩大陆，世界即将被吞噬，兄弟们为自由而战!	2	1000	2	1000	2	1000	2	1000	-1	1	-1	-1	-1	6112	-1	-1	-1	-1	-1	-1	-1	1	1	12001	-1	1	6000000	3000000	1	1	-1	1	1	-1	-1	225026	-1	  1.报名阶段:玩家可提升炮台等级.提升后炮塔血量及攻击技能强度增加，并且每次提升可获得道具礼包以及贡献值.\n  2.战斗阶段,4波怪物从三个方向攻击炮台及圣坛.\n  3.清空前三波怪物才出现第4波魔王,击杀魔王可获得宝箱奖励,有几率开出稀有道具.\n  4.战斗胜利时,炮台剩余数量越多,全服奖励越多(奖励通过邮件发送).\n  5.如果在倒计时结束前没有击杀所有BOSS会视为灭世失败.\n  6.灭世失败会导致全服玩家获得称号惩罚：[FF3A3A]劫后余生[-].\n  7.每场灭世战役中伤害最高的玩家会获得专属称号：[FFFF00]玛雅战神[-]，并被永久载入《救世英雄录》	3	226020|226012|226013|226014|226015|226016|226017
6113	灭世之战IV:痛苦	4	33	3	-1	-1	-1	-1	-1	-1	-1	-1	-1	-1	2005	-1	-1	-1	1	30	-1	780000	鬼影夜行，魔物哀嚎遍野，魔主的投影正在入侵大陆，他用暴虐想要征服世界，末日即将来临，勇士们为种族而战!	2	1000	2	1000	2	1000	2	1000	-1	1	-1	-1	-1	6113	-1	-1	-1	-1	-1	-1	-1	1	1	12001	-1	1	6000000	3000000	1	1	-1	1	1	-1	-1	225408	-1	  1.报名阶段:玩家可提升炮台等级.提升后炮塔血量及攻击技能强度增加，并且每次提升可获得道具礼包以及贡献值.\n  2.战斗阶段,4波怪物从三个方向攻击炮台及圣坛.\n  3.清空前三波怪物才出现第4波魔王,击杀魔王可获得宝箱奖励,有几率开出稀有道具.\n  4.战斗胜利时,炮台剩余数量越多,全服奖励越多(奖励通过邮件发送).\n  5.如果在倒计时结束前没有击杀所有BOSS会视为灭世失败.\n  6.灭世失败会导致全服玩家获得称号惩罚：[FF3A3A]劫后余生[-].\n  7.每场灭世战役中伤害最高的玩家会获得专属称号：[FFFF00]玛雅战神[-]，并被永久载入《救世英雄录》	4	226039|226021|226022|226023|226024|226025|226026
6114	灭世之战V:悲痛	4	33	3	-1	-1	-1	-1	-1	-1	-1	-1	-1	-1	2006	-1	-1	-1	1	30	-1	890000	战音铮铮，金戈铁甲，魔主的军队已经围攻圣城玛雅，他们想用铁蹄摧垮圣城，大战一触即发，战士们为家园而战!	2	1000	2	1000	2	1000	2	1000	-1	1	-1	-1	-1	6114	-1	-1	-1	-1	-1	-1	-1	1	1	12001	-1	1	6000000	3000000	1	1	-1	1	1	-1	-1	225417	-1	  1.报名阶段:玩家可提升炮台等级.提升后炮塔血量及攻击技能强度增加，并且每次提升可获得道具礼包以及贡献值.\n  2.战斗阶段,4波怪物从三个方向攻击炮台及圣坛.\n  3.清空前三波怪物才出现第4波魔王,击杀魔王可获得宝箱奖励,有几率开出稀有道具.\n  4.战斗胜利时,炮台剩余数量越多,全服奖励越多(奖励通过邮件发送).\n  5.如果在倒计时结束前没有击杀所有BOSS会视为灭世失败.\n  6.灭世失败会导致全服玩家获得称号惩罚：[FF3A3A]劫后余生[-].\n  7.每场灭世战役中伤害最高的玩家会获得专属称号：[FFFF00]玛雅战神[-]，并被永久载入《救世英雄录》	5	226040|226027|226028|226029|226030|226031|226032
6115	灭世之战VI:憎恨	4	33	3	-1	-1	-1	-1	-1	-1	-1	-1	-1	-1	2007	-1	-1	-1	1	30	-1	980000	水汽蔓延，深海之歌飘过，魔主之音回响在众人耳边，想要诱惑心智不坚之人，幕后的黑手出现，英雄们为同伴而战!	2	1000	2	1000	2	1000	2	1000	-1	1	-1	-1	-1	6115	-1	-1	-1	-1	-1	-1	-1	1	1	12001	-1	1	6000000	3000000	1	1	-1	1	1	-1	-1	225426	-1	  1.报名阶段:玩家可提升炮台等级.提升后炮塔血量及攻击技能强度增加，并且每次提升可获得道具礼包以及贡献值.\n  2.战斗阶段,4波怪物从三个方向攻击炮台及圣坛.\n  3.清空前三波怪物才出现第4波魔王,击杀魔王可获得宝箱奖励,有几率开出稀有道具.\n  4.战斗胜利时,炮台剩余数量越多,全服奖励越多(奖励通过邮件发送).\n  5.如果在倒计时结束前没有击杀所有BOSS会视为灭世失败.\n  6.灭世失败会导致全服玩家获得称号惩罚：[FF3A3A]劫后余生[-].\n  7.每场灭世战役中伤害最高的玩家会获得专属称号：[FFFF00]玛雅战神[-]，并被永久载入《救世英雄录》	6	226041|226033|226034|226035|226036|226037|226038
6116	灭世之战VII:恐惧	4	33	3	-1	-1	-1	-1	-1	-1	-1	-1	-1	-1	2008	-1	-1	-1	1	30	-1	1050000	黄沙漫天，古老诅咒降临，魔主之手已经伸向大陆，破坏毁灭都是他们最喜欢的艺术，大陆将要毁于一旦，救世者们为未来而战!	2	1000	2	1000	2	1000	2	1000	-1	1	-1	-1	-1	6116	-1	-1	-1	-1	-1	-1	-1	1	1	12001	-1	1	6000000	3000000	1	1	-1	1	1	-1	-1	226108	-1	  1.报名阶段:玩家可提升炮台等级.提升后炮塔血量及攻击技能强度增加，并且每次提升可获得道具礼包以及贡献值.\n  2.战斗阶段,4波怪物从三个方向攻击炮台及圣坛.\n  3.清空前三波怪物才出现第4波魔王,击杀魔王可获得宝箱奖励,有几率开出稀有道具.\n  4.战斗胜利时,炮台剩余数量越多,全服奖励越多(奖励通过邮件发送).\n  5.如果在倒计时结束前没有击杀所有BOSS会视为灭世失败.\n  6.灭世失败会导致全服玩家获得称号惩罚：[FF3A3A]劫后余生[-].\n  7.每场灭世战役中伤害最高的玩家会获得专属称号：[FFFF00]玛雅战神[-]，并被永久载入《救世英雄录》	7	226060|226042|226043|226044|226045|226046|226047
6117	灭世之战VIII:毁灭	4	33	3	-1	-1	-1	-1	-1	-1	-1	-1	-1	-1	2009	-1	-1	-1	1	30	-1	1220000	星河璀璨，暗夜星辰坠落，魔主之念已控制神明，堕落神明的力量已经喷薄欲出，群星之力冲击大陆，屠魔者们为世界而战!	2	1000	2	1000	2	1000	2	1000	-1	1	-1	-1	-1	6117	-1	-1	-1	-1	-1	-1	-1	1	1	12001	-1	1	6000000	3000000	1	1	-1	1	1	-1	-1	226117	-1	  1.报名阶段:玩家可提升炮台等级.提升后炮塔血量及攻击技能强度增加，并且每次提升可获得道具礼包以及贡献值.\n  2.战斗阶段,4波怪物从三个方向攻击炮台及圣坛.\n  3.清空前三波怪物才出现第4波魔王,击杀魔王可获得宝箱奖励,有几率开出稀有道具.\n  4.战斗胜利时,炮台剩余数量越多,全服奖励越多(奖励通过邮件发送).\n  5.如果在倒计时结束前没有击杀所有BOSS会视为灭世失败.\n  6.灭世失败会导致全服玩家获得称号惩罚：[FF3A3A]劫后余生[-].\n  7.每场灭世战役中伤害最高的玩家会获得专属称号：[FFFF00]玛雅战神[-]，并被永久载入《救世英雄录》	8	226061|226048|226049|226050|226051|226052|226053
6118	灭世之战IX:重生	4	33	3	-1	-1	-1	-1	-1	-1	-1	-1	-1	-1	2010	-1	-1	-1	1	30	-1	1350000	暗无天日，所有光芒都已消逝，魔主的力量已倾斜到大陆，神明堕落万物凋零，最终还是要进入末日么？各位圣灵们为救世而战!	2	1000	2	1000	2	1000	2	1000	-1	1	-1	-1	-1	6118	-1	-1	-1	-1	-1	-1	-1	1	1	12001	-1	1	6000000	3000000	1	1	-1	1	1	-1	-1	226126	-1	  1.报名阶段:玩家可提升炮台等级.提升后炮塔血量及攻击技能强度增加，并且每次提升可获得道具礼包以及贡献值.\n  2.战斗阶段,4波怪物从三个方向攻击炮台及圣坛.\n  3.清空前三波怪物才出现第4波魔王,击杀魔王可获得宝箱奖励,有几率开出稀有道具.\n  4.战斗胜利时,炮台剩余数量越多,全服奖励越多(奖励通过邮件发送).\n  5.如果在倒计时结束前没有击杀所有BOSS会视为灭世失败.\n  6.灭世失败会导致全服玩家获得称号惩罚：[FF3A3A]劫后余生[-].\n  7.每场灭世战役中伤害最高的玩家会获得专属称号：[FFFF00]玛雅战神[-]，并被永久载入《救世英雄录》	9	226062|226054|226055|226056|226057|226058|226059
6200	机关金库	4	21	3	-1	-1	1	-1	-1	-1	-1	-1	-1	-1	85	85	-1	-1	-1	1.5	-1	-1	金币可不是随便捡的哦，要小心躲避地上的陷阱。\n被陷阱击中，会陷入短时间的昏迷，会大大影响收取金币的速度。\n金币5秒内不被拾取，就会消失。	-1	-1	-1	-1	-1	-1	-1	-1	-1	-1	448	-1	-1	6200	-1	-1	-1	-1	-1	-1	-1	0	1	3100	-1	0	0	0	4	-1	-1	-1	-1	-1	-1	-1	-1	-1	-1	-1
6210	机关金库	4	21	3	-1	-1	1	-1	-1	-1	-1	-1	-1	-1	0	99996	-1	-1	-1	1.5	-1	-1	金币可不是随便捡的哦，要小心躲避地上的陷阱。\n被陷阱击中，会陷入短时间的昏迷，会大大影响收取金币的速度。\n金币5秒内不被拾取，就会消失。	-1	-1	-1	-1	-1	-1	-1	-1	-1	-1	448	-1	-1	6200	-1	-1	-1	-1	-1	-1	-1	0	1	3100	-1	0	0	0	4	-1	-1	-1	-1	-1	-1	-1	-1	-1	-1	-1
7000	试炼古域	4	7	3	-1	-1	-1	-1	-1	-1	-1	-1	-1	-1	48000	48000	-1	-1	-1	30	-1	-1	战火即将重燃，玛雅女神用神力创造了试练之地，试练古域！\n5倍经验的小怪，更有20倍经验巨怪，期待你们通过试练可以更加强大！\n（只要还有剩余时间，中途离开也可再次进入）	-1	-1	-1	-1	-1	-1	-1	-1	99999999	-1	428	-1	-1	7000	-1	-1	-1	-1	-1	-1	-1	1	-1	-1	-1	0	0	0	2	0	-1	-1	-1	-1	-1	-1	-1	-1	-1	-1
7001	试炼古域	4	7	3	-1	-1	-1	-1	-1	-1	-1	-1	-1	-1	48001	48001	-1	-1	-1	30	-1	-1	战火即将重燃，玛雅女神用神力创造了试练之地，试练古域！\n5倍经验的小怪，更有20倍经验巨怪，期待你们通过试练可以更加强大！\n（只要还有剩余时间，中途离开也可再次进入）	-1	-1	-1	-1	-1	-1	-1	-1	99999999	-1	428	-1	-1	7001	-1	-1	-1	-1	-1	-1	-1	1	-1	-1	-1	0	0	0	2	0	-1	-1	-1	-1	-1	-1	-1	-1	-1	-1
7002	试炼古域	4	7	3	-1	-1	-1	-1	-1	-1	-1	-1	-1	-1	48002	48002	-1	-1	-1	30	-1	-1	战火即将重燃，玛雅女神用神力创造了试练之地，试练古域！\n5倍经验的小怪，更有20倍经验巨怪，期待你们通过试练可以更加强大！\n（只要还有剩余时间，中途离开也可再次进入）	-1	-1	-1	-1	-1	-1	-1	-1	99999999	-1	428	-1	-1	7002	-1	-1	-1	-1	-1	-1	-1	1	-1	-1	-1	0	0	0	2	0	-1	-1	-1	-1	-1	-1	-1	-1	-1	-1
7003	试炼古域	4	7	3	-1	-1	-1	-1	-1	-1	-1	-1	-1	-1	48003	48003	-1	-1	-1	30	-1	-1	战火即将重燃，玛雅女神用神力创造了试练之地，试练古域！\n5倍经验的小怪，更有20倍经验巨怪，期待你们通过试练可以更加强大！\n（只要还有剩余时间，中途离开也可再次进入）	-1	-1	-1	-1	-1	-1	-1	-1	99999999	-1	428	-1	-1	7003	-1	-1	-1	-1	-1	-1	-1	1	-1	-1	-1	0	0	0	2	0	-1	-1	-1	-1	-1	-1	-1	-1	-1	-1
7004	试炼古域	4	7	3	-1	-1	-1	-1	-1	-1	-1	-1	-1	-1	48004	48004	-1	-1	-1	30	-1	-1	战火即将重燃，玛雅女神用神力创造了试练之地，试练古域！\n5倍经验的小怪，更有20倍经验巨怪，期待你们通过试练可以更加强大！\n（只要还有剩余时间，中途离开也可再次进入）	-1	-1	-1	-1	-1	-1	-1	-1	99999999	-1	428	-1	-1	7004	-1	-1	-1	-1	-1	-1	-1	1	-1	-1	-1	0	0	0	2	0	-1	-1	-1	-1	-1	-1	-1	-1	-1	-1
7005	试炼古域	4	7	3	-1	-1	-1	-1	-1	-1	-1	-1	-1	-1	48005	48005	-1	-1	-1	30	-1	-1	战火即将重燃，玛雅女神用神力创造了试练之地，试练古域！\n5倍经验的小怪，更有20倍经验巨怪，期待你们通过试练可以更加强大！\n（只要还有剩余时间，中途离开也可再次进入）	-1	-1	-1	-1	-1	-1	-1	-1	99999999	-1	428	-1	-1	7005	-1	-1	-1	-1	-1	-1	-1	1	-1	-1	-1	0	0	0	2	0	-1	-1	-1	-1	-1	-1	-1	-1	-1	-1
7100	试炼古域	4	7	3	-1	-1	-1	-1	-1	-1	-1	-1	-1	-1	0	99991	-1	-1	-1	30	-1	-1	战火即将重燃，玛雅女神用神力创造了试练之地，试练古域！\n5倍经验的小怪，更有20倍经验巨怪，期待你们通过试练可以更加强大！\n（只要还有剩余时间，中途离开也可再次进入）	-1	-1	-1	-1	-1	-1	-1	-1	99999999	-1	428	-1	-1	7005	-1	-1	-1	-1	-1	-1	-1	1	-1	-1	-1	0	0	0	2	0	-1	-1	-1	-1	-1	-1	-1	-1	-1	-1
8000	古域纷争	3	26	3	-1	-1	1	-1	-1	-1	-1	-1	-1	-1	47001	99999	-1	-1	-1	-1	-1	-1	古域中谁是王者？需要靠自己实力去争取！\n击杀场内敌人获得5积分、击杀怪物获得3积分。\n活动结束后按积分和排名发放额外奖励。	11	6000	1	176000	2	31500	-1	-1	-1	-1	557	-1	558	8000	-1	400	-1	-1	-1	104000	-1	0	-1	-1	-1	1	17500	0	-1	0	-1	-1	-1	-1	-1	-1	-1	-1	-1	-1
8001	古域纷争	3	27	3	-1	-1	1	-1	-1	-1	-1	-1	-1	-1	47002	99999	-1	-1	-1	-1	-1	-1	古域中谁是王者？需要靠自己实力去争取！\n击杀场内敌人获得5积分、击杀怪物获得3积分。\n活动结束后按积分和排名发放额外奖励。	11	9000	1	239200	2	61875	-1	-1	-1	-1	557	-1	558	8001	-1	401	-1	-1	-1	104001	-1	0	-1	-1	-1	1	22000	0	-1	0	-1	-1	-1	-1	-1	-1	-1	-1	-1	-1
8002	古域纷争	3	28	3	-1	-1	1	-1	-1	-1	-1	-1	-1	-1	47003	99999	-1	-1	-1	-1	-1	-1	古域中谁是王者？需要靠自己实力去争取！\n击杀场内敌人获得5积分、击杀怪物获得3积分。\n活动结束后按积分和排名发放额外奖励。	11	12000	1	354200	2	91125	-1	-1	-1	-1	557	-1	558	8002	-1	402	-1	-1	-1	104002	-1	0	-1	-1	-1	1	26500	0	-1	0	-1	-1	-1	-1	-1	-1	-1	-1	-1	-1
8003	古域纷争	3	29	3	-1	-1	1	-1	-1	-1	-1	-1	-1	-1	47004	99999	-1	-1	-1	-1	-1	-1	古域中谁是王者？需要靠自己实力去争取！\n击杀场内敌人获得5积分、击杀怪物获得3积分。\n活动结束后按积分和排名发放额外奖励。	11	15000	1	492200	2	124875	-1	-1	-1	-1	557	-1	558	8003	-1	403	-1	-1	-1	104003	-1	0	-1	-1	-1	1	31000	0	-1	0	-1	-1	-1	-1	-1	-1	-1	-1	-1	-1
8004	古域纷争	3	30	3	-1	-1	1	-1	-1	-1	-1	-1	-1	-1	47005	99999	-1	-1	-1	-1	-1	-1	古域中谁是王者？需要靠自己实力去争取！\n击杀场内敌人获得5积分、击杀怪物获得3积分。\n活动结束后按积分和排名发放额外奖励。	11	18000	1	653200	2	164250	-1	-1	-1	-1	557	-1	558	8004	-1	404	-1	-1	-1	104004	-1	0	-1	-1	-1	1	35500	0	-1	0	-1	-1	-1	-1	-1	-1	-1	-1	-1	-1
8005	古域纷争	3	31	3	-1	-1	1	-1	-1	-1	-1	-1	-1	-1	47006	99999	-1	-1	-1	-1	-1	-1	古域中谁是王者？需要靠自己实力去争取！\n击杀场内敌人获得5积分、击杀怪物获得3积分。\n活动结束后按积分和排名发放额外奖励。	11	21600	1	837200	2	193275	-1	-1	-1	-1	557	-1	558	8005	-1	405	-1	-1	-1	104005	-1	0	-1	-1	-1	1	40000	0	-1	0	-1	-1	-1	-1	-1	-1	-1	-1	-1	-1
8100	古域纷争	3	31	3	-1	-1	1	-1	-1	-1	-1	-1	-1	-1	0	99999	-1	-1	-1	-1	-1	-1	古域中谁是王者？需要靠自己实力去争取！\n击杀场内敌人获得5积分、击杀怪物获得3积分。\n活动结束后按积分和排名发放额外奖励。	11	21600	1	837200	2	193275	-1	-1	-1	-1	557	-1	558	8005	-1	405	-1	-1	-1	104005	-1	0	-1	-1	-1	1	40000	0	-1	0	-1	-1	-1	-1	-1	-1	-1	-1	-1	-1
9000	圣光盟战	3	32	3	-1	-1	-1	-1	-1	-1	-1	-1	-1	-1	-1	-1	1900	30	3	30	-1	-1	-1	11	21600	1	628500	2	193275	-1	-1	-1	-1	-1	-1	-1	9000	-1	-1	-1	-1	-1	-1	-1	1	-1	9000	-1	1	3000000	0	-1	0	-1	-1	-1	-1	-1	-1	-1	-1	-1	-1
10000	黑袍巫魔	0	8	0	-1	-1	1	-1	-1	-1	-1	-1	-1	-1	-1	66004	-1	-1	-1	3	2	11340	黑袍巫魔的灵魂在这里肆虐，只有威望高超的勇士才可以挑战他。	-1	-1	-1	-1	-1	-1	-1	-1	-1	-1	600	-1	601	10000	602	-1	0	-1	-1	319	-1	1	-1	10000	-1	0	0	0	-1	0	-1	-1	-1	-1	-1	-1	-1	-1	-1	-1
10001	盗贼魔头	0	8	0	-1	-1	1	-1	-1	-1	-1	-1	-1	-1	-1	66005	-1	-1	-1	3	2	16380	盗贼魔头依然猖獗，举起武器，让他彻底安息吧。	-1	-1	-1	-1	-1	-1	-1	-1	-1	-1	603	-1	604	10001	605	-1	0	-1	-1	320	-1	1	-1	10001	-1	0	0	0	-1	0	-1	-1	-1	-1	-1	-1	-1	-1	-1	-1
10002	幻雪冰后	0	8	0	-1	-1	1	-1	-1	-1	-1	-1	-1	-1	-1	66006	-1	-1	-1	3	2	69270	幻雪冰后在这里徘徊，没人知道她在等着什么。	-1	-1	-1	-1	-1	-1	-1	-1	-1	-1	606	-1	607	10002	608	-1	0	-1	-1	321	-1	1	-1	10002	-1	0	0	0	-1	0	-1	-1	-1	-1	-1	-1	-1	-1	-1	-1
10003	魔王之影	0	8	0	-1	-1	1	-1	-1	-1	-1	-1	-1	-1	-1	66007	-1	-1	-1	3	2	162480	魔王之影还在幽幽作祟，以圣光的名义！	-1	-1	-1	-1	-1	-1	-1	-1	-1	-1	609	-1	610	10003	611	-1	0	-1	-1	322	-1	1	-1	10003	-1	0	0	0	-1	0	-1	-1	-1	-1	-1	-1	-1	-1	-1	-1
10004	荒古魔魂	0	8	0	-1	-1	1	-1	-1	-1	-1	-1	-1	-1	-1	66008	-1	-1	-1	3	2	253260	荒古魔魂再次重生，英雄，就决定是你了！	-1	-1	-1	-1	-1	-1	-1	-1	-1	-1	612	-1	613	10004	614	-1	0	-1	-1	323	-1	1	-1	10004	-1	0	0	0	-1	0	-1	-1	-1	-1	-1	-1	-1	-1	-1	-1
10005	魔灵赛伊丝	0	8	0	-1	-1	1	-1	-1	-1	-1	-1	-1	-1	-1	66009	-1	-1	-1	3	2	486840	魔灵塞伊丝庞大的身躯胀满了空间，除掉他！	-1	-1	-1	-1	-1	-1	-1	-1	-1	-1	615	-1	616	10005	617	-1	0	-1	-1	324	-1	1	-1	10005	-1	0	0	0	-1	0	-1	-1	-1	-1	-1	-1	-1	-1	-1	-1
10006	沙魔阿卡门农	0	8	0	-1	-1	1	-1	-1	-1	-1	-1	-1	-1	-1	66010	-1	-1	-1	3	2	810420	沙魔阿卡门努再次侵袭了这片土地！	-1	-1	-1	-1	-1	-1	-1	-1	-1	-1	618	-1	619	10006	620	-1	0	-1	-1	325	-1	1	-1	10006	-1	0	0	0	-1	0	-1	-1	-1	-1	-1	-1	-1	-1	-1	-1
10007	星空领主瑟利斯	0	8	0	-1	-1	1	-1	-1	-1	-1	-1	-1	-1	-1	66011	-1	-1	-1	3	2	908670	星空领主瑟利斯突破空间，神力整撕碎一切，快去拯救这一切！	-1	-1	-1	-1	-1	-1	-1	-1	-1	-1	647	-1	648	10007	649	-1	0	-1	-1	326	-1	1	-1	10007	-1	0	0	0	-1	0	-1	-1	-1	-1	-1	-1	-1	-1	-1	-1
11000	灵兽岛（初级）	1	35	0	-1	-1	-1	-1	-1	-1	-1	-1	-1	-1	-1	2013	-1	-1	-1	10000000	-1	-1	灵兽岛，位于玛雅大陆边缘的神秘岛屿，岛上散布着各种稀有的灵兽。\n每天10点，13点，16点，19点，22点整会刷新稀有的灵兽；在岛上每5分钟会消耗1点灵力，击杀不同级别的灵兽会消耗2点，5点，20点的灵力，没有灵力无法进入灵兽岛。	-1	-1	-1	-1	-1	-1	-1	-1	-1	-1	-1	-1	-1	11000	-1	-1	0	-1	-1	-1	-1	0	-1	-1	-1	0	0	0	-1	0	-1	-1	-1	-1	-1	-1	-1	-1	-1	-1
11001	灵兽岛（中级）	1	35	0	-1	-1	-1	-1	-1	-1	-1	-1	-1	-1	-1	2019	-1	-1	-1	10000000	-1	-1	灵兽岛，位于玛雅大陆边缘的神秘岛屿，岛上散布着各种稀有的灵兽。\n每天10点，13点，16点，19点，22点整会刷新稀有的灵兽；在岛上每5分钟会消耗1点灵力，击杀不同级别的灵兽会消耗2点，5点，20点的灵力，没有灵力无法进入灵兽岛。	-1	-1	-1	-1	-1	-1	-1	-1	-1	-1	-1	-1	-1	11001	-1	-1	0	-1	-1	-1	-1	0	-1	-1	-1	0	0	0	-1	0	-1	-1	-1	-1	-1	-1	-1	-1	-1	-1
11002	灵兽岛（高级）	1	35	0	-1	-1	-1	-1	-1	-1	-1	-1	-1	-1	-1	2024	-1	-1	-1	10000000	-1	-1	灵兽岛，位于玛雅大陆边缘的神秘岛屿，岛上散布着各种稀有的灵兽。\n每天10点，13点，16点，19点，22点整会刷新稀有的灵兽；在岛上每5分钟会消耗1点灵力，击杀不同级别的灵兽会消耗2点，5点，20点的灵力，没有灵力无法进入灵兽岛。	-1	-1	-1	-1	-1	-1	-1	-1	-1	-1	-1	-1	-1	11002	-1	-1	0	-1	-1	-1	-1	0	-1	-1	-1	0	0	0	-1	0	-1	-1	-1	-1	-1	-1	-1	-1	-1	-1
11100	灵兽岛	1	35	0	-1	-1	-1	-1	-1	-1	-1	-1	-1	-1	0	99990	-1	-1	-1	10000000	-1	-1	灵兽岛，位于玛雅大陆边缘的神秘岛屿，岛上散布着各种稀有的灵兽。\n每天10点，13点，16点，19点，22点整会刷新稀有的灵兽；在岛上每5分钟会消耗1点灵力，击杀不同级别的灵兽会消耗2点，5点，20点的灵力，没有灵力无法进入灵兽岛。	-1	-1	-1	-1	-1	-1	-1	-1	-1	-1	-1	-1	-1	11002	-1	-1	0	-1	-1	-1	-1	0	-1	-1	-1	0	0	0	-1	0	-1	-1	-1	-1	-1	-1	-1	-1	-1	-1
12000	无尽幻境第1层	0	36	0	-1	-1	-1	-1	-1	-1	-1	-1	-1	-1	-1	485	-1	-1	-1	3	-1	12105	无尽幻境	-1	-1	-1	-1	-1	-1	-1	-1	-1	-1	-1	-1	-1	12000	-1	-1	-1	-1	-1	-1	-1	1	-1	7901	-1	0	0	0	-1	0	-1	-1	-1	-1	-1	-1	-1	-1	-1	-1
12001	无尽幻境第2层	0	36	0	-1	-1	-1	-1	-1	-1	-1	-1	-1	-1	-1	485	-1	-1	-1	3	-1	18423	无尽幻境	-1	-1	-1	-1	-1	-1	-1	-1	-1	-1	-1	-1	-1	12001	-1	-1	-1	-1	-1	-1	-1	1	-1	7901	-1	0	0	0	-1	0	-1	-1	-1	-1	-1	-1	-1	-1	-1	-1
12002	无尽幻境第3层	0	36	0	-1	-1	-1	-1	-1	-1	-1	-1	-1	-1	-1	485	-1	-1	-1	3	-1	24955	无尽幻境	-1	-1	-1	-1	-1	-1	-1	-1	-1	-1	-1	-1	-1	12002	-1	-1	-1	-1	-1	-1	-1	1	-1	7901	-1	0	0	0	-1	0	-1	-1	-1	-1	-1	-1	-1	-1	-1	-1
12003	无尽幻境第4层	0	36	0	-1	-1	-1	-1	-1	-1	-1	-1	-1	-1	-1	485	-1	-1	-1	3	-1	31705	无尽幻境	-1	-1	-1	-1	-1	-1	-1	-1	-1	-1	-1	-1	-1	12003	-1	-1	-1	-1	-1	-1	-1	1	-1	7901	-1	0	0	0	-1	0	-1	-1	-1	-1	-1	-1	-1	-1	-1	-1
12004	无尽幻境第5层	0	36	0	-1	-1	-1	-1	-1	-1	-1	-1	-1	-1	-1	485	-1	-1	-1	3	-1	38675	无尽幻境	-1	-1	-1	-1	-1	-1	-1	-1	-1	-1	-1	-1	-1	12004	-1	-1	-1	-1	-1	-1	-1	1	-1	7901	-1	0	0	0	-1	0	-1	-1	-1	-1	-1	-1	-1	-1	-1	-1
12005	无尽幻境第6层	0	36	0	-1	-1	-1	-1	-1	-1	-1	-1	-1	-1	-1	485	-1	-1	-1	3	-1	45866	无尽幻境	-1	-1	-1	-1	-1	-1	-1	-1	-1	-1	-1	-1	-1	12005	-1	-1	-1	-1	-1	-1	-1	1	-1	7901	-1	0	0	0	-1	0	-1	-1	-1	-1	-1	-1	-1	-1	-1	-1
12006	无尽幻境第7层	0	36	0	-1	-1	-1	-1	-1	-1	-1	-1	-1	-1	-1	485	-1	-1	-1	3	-1	53282	无尽幻境	-1	-1	-1	-1	-1	-1	-1	-1	-1	-1	-1	-1	-1	12006	-1	-1	-1	-1	-1	-1	-1	1	-1	7901	-1	0	0	0	-1	0	-1	-1	-1	-1	-1	-1	-1	-1	-1	-1
12007	无尽幻境第8层	0	36	0	-1	-1	-1	-1	-1	-1	-1	-1	-1	-1	-1	485	-1	-1	-1	3	-1	60924	无尽幻境	-1	-1	-1	-1	-1	-1	-1	-1	-1	-1	-1	-1	-1	12007	-1	-1	-1	-1	-1	-1	-1	1	-1	7901	-1	0	0	0	-1	0	-1	-1	-1	-1	-1	-1	-1	-1	-1	-1
12008	无尽幻境第9层	0	36	0	-1	-1	-1	-1	-1	-1	-1	-1	-1	-1	-1	485	-1	-1	-1	3	-1	68796	无尽幻境	-1	-1	-1	-1	-1	-1	-1	-1	-1	-1	-1	-1	-1	12008	-1	-1	-1	-1	-1	-1	-1	1	-1	7901	-1	0	0	0	-1	0	-1	-1	-1	-1	-1	-1	-1	-1	-1	-1
12009	无尽幻境第10层	0	36	0	-1	-1	-1	-1	-1	-1	-1	-1	-1	-1	-1	485	-1	-1	-1	3	-1	76900	无尽幻境	-1	-1	-1	-1	-1	-1	-1	-1	-1	-1	-1	-1	-1	12009	-1	-1	-1	-1	-1	-1	-1	1	-1	7901	-1	0	0	0	-1	0	-1	-1	-1	-1	-1	-1	-1	-1	-1	-1
12010	无尽幻境第11层	0	36	0	-1	-1	-1	-1	-1	-1	-1	-1	-1	-1	-1	485	-1	-1	-1	3	-1	85237	无尽幻境	-1	-1	-1	-1	-1	-1	-1	-1	-1	-1	-1	-1	-1	12010	-1	-1	-1	-1	-1	-1	-1	1	-1	7901	-1	0	0	0	-1	0	-1	-1	-1	-1	-1	-1	-1	-1	-1	-1
12011	无尽幻境第12层	0	36	0	-1	-1	-1	-1	-1	-1	-1	-1	-1	-1	-1	485	-1	-1	-1	3	-1	93811	无尽幻境	-1	-1	-1	-1	-1	-1	-1	-1	-1	-1	-1	-1	-1	12011	-1	-1	-1	-1	-1	-1	-1	1	-1	7901	-1	0	0	0	-1	0	-1	-1	-1	-1	-1	-1	-1	-1	-1	-1
12012	无尽幻境第13层	0	36	0	-1	-1	-1	-1	-1	-1	-1	-1	-1	-1	-1	485	-1	-1	-1	3	-1	102624	无尽幻境	-1	-1	-1	-1	-1	-1	-1	-1	-1	-1	-1	-1	-1	12012	-1	-1	-1	-1	-1	-1	-1	1	-1	7901	-1	0	0	0	-1	0	-1	-1	-1	-1	-1	-1	-1	-1	-1	-1
12013	无尽幻境第14层	0	36	0	-1	-1	-1	-1	-1	-1	-1	-1	-1	-1	-1	485	-1	-1	-1	3	-1	111677	无尽幻境	-1	-1	-1	-1	-1	-1	-1	-1	-1	-1	-1	-1	-1	12013	-1	-1	-1	-1	-1	-1	-1	1	-1	7901	-1	0	0	0	-1	0	-1	-1	-1	-1	-1	-1	-1	-1	-1	-1
12014	无尽幻境第15层	0	36	0	-1	-1	-1	-1	-1	-1	-1	-1	-1	-1	-1	485	-1	-1	-1	3	-1	120975	无尽幻境	-1	-1	-1	-1	-1	-1	-1	-1	-1	-1	-1	-1	-1	12014	-1	-1	-1	-1	-1	-1	-1	1	-1	7901	-1	0	0	0	-1	0	-1	-1	-1	-1	-1	-1	-1	-1	-1	-1
12015	无尽幻境第16层	0	36	0	-1	-1	-1	-1	-1	-1	-1	-1	-1	-1	-1	485	-1	-1	-1	3	-1	130519	无尽幻境	-1	-1	-1	-1	-1	-1	-1	-1	-1	-1	-1	-1	-1	12015	-1	-1	-1	-1	-1	-1	-1	1	-1	7901	-1	0	0	0	-1	0	-1	-1	-1	-1	-1	-1	-1	-1	-1	-1
12016	无尽幻境第17层	0	36	0	-1	-1	-1	-1	-1	-1	-1	-1	-1	-1	-1	485	-1	-1	-1	3	-1	140311	无尽幻境	-1	-1	-1	-1	-1	-1	-1	-1	-1	-1	-1	-1	-1	12016	-1	-1	-1	-1	-1	-1	-1	1	-1	7901	-1	0	0	0	-1	0	-1	-1	-1	-1	-1	-1	-1	-1	-1	-1
12017	无尽幻境第18层	0	36	0	-1	-1	-1	-1	-1	-1	-1	-1	-1	-1	-1	485	-1	-1	-1	3	-1	150353	无尽幻境	-1	-1	-1	-1	-1	-1	-1	-1	-1	-1	-1	-1	-1	12017	-1	-1	-1	-1	-1	-1	-1	1	-1	7901	-1	0	0	0	-1	0	-1	-1	-1	-1	-1	-1	-1	-1	-1	-1
12018	无尽幻境第19层	0	36	0	-1	-1	-1	-1	-1	-1	-1	-1	-1	-1	-1	485	-1	-1	-1	3	-1	160649	无尽幻境	-1	-1	-1	-1	-1	-1	-1	-1	-1	-1	-1	-1	-1	12018	-1	-1	-1	-1	-1	-1	-1	1	-1	7901	-1	0	0	0	-1	0	-1	-1	-1	-1	-1	-1	-1	-1	-1	-1
12019	无尽幻境第20层	0	36	0	-1	-1	-1	-1	-1	-1	-1	-1	-1	-1	-1	485	-1	-1	-1	3	-1	171201	无尽幻境	-1	-1	-1	-1	-1	-1	-1	-1	-1	-1	-1	-1	-1	12019	-1	-1	-1	-1	-1	-1	-1	1	-1	7901	-1	0	0	0	-1	0	-1	-1	-1	-1	-1	-1	-1	-1	-1	-1
12020	无尽幻境第21层	0	36	0	-1	-1	-1	-1	-1	-1	-1	-1	-1	-1	-1	485	-1	-1	-1	3	-1	182011	无尽幻境	-1	-1	-1	-1	-1	-1	-1	-1	-1	-1	-1	-1	-1	12020	-1	-1	-1	-1	-1	-1	-1	1	-1	7901	-1	0	0	0	-1	0	-1	-1	-1	-1	-1	-1	-1	-1	-1	-1
12021	无尽幻境第22层	0	36	0	-1	-1	-1	-1	-1	-1	-1	-1	-1	-1	-1	485	-1	-1	-1	3	-1	193081	无尽幻境	-1	-1	-1	-1	-1	-1	-1	-1	-1	-1	-1	-1	-1	12021	-1	-1	-1	-1	-1	-1	-1	1	-1	7901	-1	0	0	0	-1	0	-1	-1	-1	-1	-1	-1	-1	-1	-1	-1
12022	无尽幻境第23层	0	36	0	-1	-1	-1	-1	-1	-1	-1	-1	-1	-1	-1	485	-1	-1	-1	3	-1	204414	无尽幻境	-1	-1	-1	-1	-1	-1	-1	-1	-1	-1	-1	-1	-1	12022	-1	-1	-1	-1	-1	-1	-1	1	-1	7901	-1	0	0	0	-1	0	-1	-1	-1	-1	-1	-1	-1	-1	-1	-1
12023	无尽幻境第24层	0	36	0	-1	-1	-1	-1	-1	-1	-1	-1	-1	-1	-1	485	-1	-1	-1	3	-1	216012	无尽幻境	-1	-1	-1	-1	-1	-1	-1	-1	-1	-1	-1	-1	-1	12023	-1	-1	-1	-1	-1	-1	-1	1	-1	7901	-1	0	0	0	-1	0	-1	-1	-1	-1	-1	-1	-1	-1	-1	-1
12024	无尽幻境第25层	0	36	0	-1	-1	-1	-1	-1	-1	-1	-1	-1	-1	-1	485	-1	-1	-1	3	-1	227878	无尽幻境	-1	-1	-1	-1	-1	-1	-1	-1	-1	-1	-1	-1	-1	12024	-1	-1	-1	-1	-1	-1	-1	1	-1	7901	-1	0	0	0	-1	0	-1	-1	-1	-1	-1	-1	-1	-1	-1	-1
12025	无尽幻境第26层	0	36	0	-1	-1	-1	-1	-1	-1	-1	-1	-1	-1	-1	485	-1	-1	-1	3	-1	240014	无尽幻境	-1	-1	-1	-1	-1	-1	-1	-1	-1	-1	-1	-1	-1	12025	-1	-1	-1	-1	-1	-1	-1	1	-1	7901	-1	0	0	0	-1	0	-1	-1	-1	-1	-1	-1	-1	-1	-1	-1
12026	无尽幻境第27层	0	36	0	-1	-1	-1	-1	-1	-1	-1	-1	-1	-1	-1	485	-1	-1	-1	3	-1	252423	无尽幻境	-1	-1	-1	-1	-1	-1	-1	-1	-1	-1	-1	-1	-1	12026	-1	-1	-1	-1	-1	-1	-1	1	-1	7901	-1	0	0	0	-1	0	-1	-1	-1	-1	-1	-1	-1	-1	-1	-1
12027	无尽幻境第28层	0	36	0	-1	-1	-1	-1	-1	-1	-1	-1	-1	-1	-1	485	-1	-1	-1	3	-1	265106	无尽幻境	-1	-1	-1	-1	-1	-1	-1	-1	-1	-1	-1	-1	-1	12027	-1	-1	-1	-1	-1	-1	-1	1	-1	7901	-1	0	0	0	-1	0	-1	-1	-1	-1	-1	-1	-1	-1	-1	-1
12028	无尽幻境第29层	0	36	0	-1	-1	-1	-1	-1	-1	-1	-1	-1	-1	-1	485	-1	-1	-1	3	-1	278067	无尽幻境	-1	-1	-1	-1	-1	-1	-1	-1	-1	-1	-1	-1	-1	12028	-1	-1	-1	-1	-1	-1	-1	1	-1	7901	-1	0	0	0	-1	0	-1	-1	-1	-1	-1	-1	-1	-1	-1	-1
12029	无尽幻境第30层	0	36	0	-1	-1	-1	-1	-1	-1	-1	-1	-1	-1	-1	485	-1	-1	-1	3	-1	291308	无尽幻境	-1	-1	-1	-1	-1	-1	-1	-1	-1	-1	-1	-1	-1	12029	-1	-1	-1	-1	-1	-1	-1	1	-1	7901	-1	0	0	0	-1	0	-1	-1	-1	-1	-1	-1	-1	-1	-1	-1
12030	无尽幻境第31层	0	36	0	-1	-1	-1	-1	-1	-1	-1	-1	-1	-1	-1	485	-1	-1	-1	3	-1	304830	无尽幻境	-1	-1	-1	-1	-1	-1	-1	-1	-1	-1	-1	-1	-1	12030	-1	-1	-1	-1	-1	-1	-1	1	-1	7901	-1	0	0	0	-1	0	-1	-1	-1	-1	-1	-1	-1	-1	-1	-1
12031	无尽幻境第32层	0	36	0	-1	-1	-1	-1	-1	-1	-1	-1	-1	-1	-1	485	-1	-1	-1	3	-1	318637	无尽幻境	-1	-1	-1	-1	-1	-1	-1	-1	-1	-1	-1	-1	-1	12031	-1	-1	-1	-1	-1	-1	-1	1	-1	7901	-1	0	0	0	-1	0	-1	-1	-1	-1	-1	-1	-1	-1	-1	-1
12032	无尽幻境第33层	0	36	0	-1	-1	-1	-1	-1	-1	-1	-1	-1	-1	-1	485	-1	-1	-1	3	-1	332731	无尽幻境	-1	-1	-1	-1	-1	-1	-1	-1	-1	-1	-1	-1	-1	12032	-1	-1	-1	-1	-1	-1	-1	1	-1	7901	-1	0	0	0	-1	0	-1	-1	-1	-1	-1	-1	-1	-1	-1	-1
12033	无尽幻境第34层	0	36	0	-1	-1	-1	-1	-1	-1	-1	-1	-1	-1	-1	485	-1	-1	-1	3	-1	347114	无尽幻境	-1	-1	-1	-1	-1	-1	-1	-1	-1	-1	-1	-1	-1	12033	-1	-1	-1	-1	-1	-1	-1	1	-1	7901	-1	0	0	0	-1	0	-1	-1	-1	-1	-1	-1	-1	-1	-1	-1
12034	无尽幻境第35层	0	36	0	-1	-1	-1	-1	-1	-1	-1	-1	-1	-1	-1	485	-1	-1	-1	3	-1	361790	无尽幻境	-1	-1	-1	-1	-1	-1	-1	-1	-1	-1	-1	-1	-1	12034	-1	-1	-1	-1	-1	-1	-1	1	-1	7901	-1	0	0	0	-1	0	-1	-1	-1	-1	-1	-1	-1	-1	-1	-1
12035	无尽幻境第36层	0	36	0	-1	-1	-1	-1	-1	-1	-1	-1	-1	-1	-1	485	-1	-1	-1	3	-1	376759	无尽幻境	-1	-1	-1	-1	-1	-1	-1	-1	-1	-1	-1	-1	-1	12035	-1	-1	-1	-1	-1	-1	-1	1	-1	7901	-1	0	0	0	-1	0	-1	-1	-1	-1	-1	-1	-1	-1	-1	-1
12036	无尽幻境第37层	0	36	0	-1	-1	-1	-1	-1	-1	-1	-1	-1	-1	-1	485	-1	-1	-1	3	-1	392024	无尽幻境	-1	-1	-1	-1	-1	-1	-1	-1	-1	-1	-1	-1	-1	12036	-1	-1	-1	-1	-1	-1	-1	1	-1	7901	-1	0	0	0	-1	0	-1	-1	-1	-1	-1	-1	-1	-1	-1	-1
12037	无尽幻境第38层	0	36	0	-1	-1	-1	-1	-1	-1	-1	-1	-1	-1	-1	485	-1	-1	-1	3	-1	407589	无尽幻境	-1	-1	-1	-1	-1	-1	-1	-1	-1	-1	-1	-1	-1	12037	-1	-1	-1	-1	-1	-1	-1	1	-1	7901	-1	0	0	0	-1	0	-1	-1	-1	-1	-1	-1	-1	-1	-1	-1
12038	无尽幻境第39层	0	36	0	-1	-1	-1	-1	-1	-1	-1	-1	-1	-1	-1	485	-1	-1	-1	3	-1	423455	无尽幻境	-1	-1	-1	-1	-1	-1	-1	-1	-1	-1	-1	-1	-1	12038	-1	-1	-1	-1	-1	-1	-1	1	-1	7901	-1	0	0	0	-1	0	-1	-1	-1	-1	-1	-1	-1	-1	-1	-1
12039	无尽幻境第40层	0	36	0	-1	-1	-1	-1	-1	-1	-1	-1	-1	-1	-1	485	-1	-1	-1	3	-1	439625	无尽幻境	-1	-1	-1	-1	-1	-1	-1	-1	-1	-1	-1	-1	-1	12039	-1	-1	-1	-1	-1	-1	-1	1	-1	7901	-1	0	0	0	-1	0	-1	-1	-1	-1	-1	-1	-1	-1	-1	-1
12040	无尽幻境第41层	0	36	0	-1	-1	-1	-1	-1	-1	-1	-1	-1	-1	-1	485	-1	-1	-1	3	-1	456101	无尽幻境	-1	-1	-1	-1	-1	-1	-1	-1	-1	-1	-1	-1	-1	12040	-1	-1	-1	-1	-1	-1	-1	1	-1	7901	-1	0	0	0	-1	0	-1	-1	-1	-1	-1	-1	-1	-1	-1	-1
12041	无尽幻境第42层	0	36	0	-1	-1	-1	-1	-1	-1	-1	-1	-1	-1	-1	485	-1	-1	-1	3	-1	472886	无尽幻境	-1	-1	-1	-1	-1	-1	-1	-1	-1	-1	-1	-1	-1	12041	-1	-1	-1	-1	-1	-1	-1	1	-1	7901	-1	0	0	0	-1	0	-1	-1	-1	-1	-1	-1	-1	-1	-1	-1
12042	无尽幻境第43层	0	36	0	-1	-1	-1	-1	-1	-1	-1	-1	-1	-1	-1	485	-1	-1	-1	3	-1	489981	无尽幻境	-1	-1	-1	-1	-1	-1	-1	-1	-1	-1	-1	-1	-1	12042	-1	-1	-1	-1	-1	-1	-1	1	-1	7901	-1	0	0	0	-1	0	-1	-1	-1	-1	-1	-1	-1	-1	-1	-1
12043	无尽幻境第44层	0	36	0	-1	-1	-1	-1	-1	-1	-1	-1	-1	-1	-1	485	-1	-1	-1	3	-1	507391	无尽幻境	-1	-1	-1	-1	-1	-1	-1	-1	-1	-1	-1	-1	-1	12043	-1	-1	-1	-1	-1	-1	-1	1	-1	7901	-1	0	0	0	-1	0	-1	-1	-1	-1	-1	-1	-1	-1	-1	-1
12044	无尽幻境第45层	0	36	0	-1	-1	-1	-1	-1	-1	-1	-1	-1	-1	-1	485	-1	-1	-1	3	-1	525116	无尽幻境	-1	-1	-1	-1	-1	-1	-1	-1	-1	-1	-1	-1	-1	12044	-1	-1	-1	-1	-1	-1	-1	1	-1	7901	-1	0	0	0	-1	0	-1	-1	-1	-1	-1	-1	-1	-1	-1	-1
12045	无尽幻境第46层	0	36	0	-1	-1	-1	-1	-1	-1	-1	-1	-1	-1	-1	485	-1	-1	-1	3	-1	543159	无尽幻境	-1	-1	-1	-1	-1	-1	-1	-1	-1	-1	-1	-1	-1	12045	-1	-1	-1	-1	-1	-1	-1	1	-1	7901	-1	0	0	0	-1	0	-1	-1	-1	-1	-1	-1	-1	-1	-1	-1
12046	无尽幻境第47层	0	36	0	-1	-1	-1	-1	-1	-1	-1	-1	-1	-1	-1	485	-1	-1	-1	3	-1	561522	无尽幻境	-1	-1	-1	-1	-1	-1	-1	-1	-1	-1	-1	-1	-1	12046	-1	-1	-1	-1	-1	-1	-1	1	-1	7901	-1	0	0	0	-1	0	-1	-1	-1	-1	-1	-1	-1	-1	-1	-1
12047	无尽幻境第48层	0	36	0	-1	-1	-1	-1	-1	-1	-1	-1	-1	-1	-1	485	-1	-1	-1	3	-1	580209	无尽幻境	-1	-1	-1	-1	-1	-1	-1	-1	-1	-1	-1	-1	-1	12047	-1	-1	-1	-1	-1	-1	-1	1	-1	7901	-1	0	0	0	-1	0	-1	-1	-1	-1	-1	-1	-1	-1	-1	-1
12048	无尽幻境第49层	0	36	0	-1	-1	-1	-1	-1	-1	-1	-1	-1	-1	-1	485	-1	-1	-1	3	-1	599222	无尽幻境	-1	-1	-1	-1	-1	-1	-1	-1	-1	-1	-1	-1	-1	12048	-1	-1	-1	-1	-1	-1	-1	1	-1	7901	-1	0	0	0	-1	0	-1	-1	-1	-1	-1	-1	-1	-1	-1	-1
12049	无尽幻境第50层	0	36	0	-1	-1	-1	-1	-1	-1	-1	-1	-1	-1	-1	485	-1	-1	-1	3	-1	618562	无尽幻境	-1	-1	-1	-1	-1	-1	-1	-1	-1	-1	-1	-1	-1	12049	-1	-1	-1	-1	-1	-1	-1	1	-1	7901	-1	0	0	0	-1	0	-1	-1	-1	-1	-1	-1	-1	-1	-1	-1
12050	无尽幻境第51层	0	36	0	-1	-1	-1	-1	-1	-1	-1	-1	-1	-1	-1	485	-1	-1	-1	3	-1	638233	无尽幻境	-1	-1	-1	-1	-1	-1	-1	-1	-1	-1	-1	-1	-1	12050	-1	-1	-1	-1	-1	-1	-1	1	-1	7901	-1	0	0	0	-1	0	-1	-1	-1	-1	-1	-1	-1	-1	-1	-1
12051	无尽幻境第52层	0	36	0	-1	-1	-1	-1	-1	-1	-1	-1	-1	-1	-1	485	-1	-1	-1	3	-1	658236	无尽幻境	-1	-1	-1	-1	-1	-1	-1	-1	-1	-1	-1	-1	-1	12051	-1	-1	-1	-1	-1	-1	-1	1	-1	7901	-1	0	0	0	-1	0	-1	-1	-1	-1	-1	-1	-1	-1	-1	-1
12052	无尽幻境第53层	0	36	0	-1	-1	-1	-1	-1	-1	-1	-1	-1	-1	-1	485	-1	-1	-1	3	-1	678574	无尽幻境	-1	-1	-1	-1	-1	-1	-1	-1	-1	-1	-1	-1	-1	12052	-1	-1	-1	-1	-1	-1	-1	1	-1	7901	-1	0	0	0	-1	0	-1	-1	-1	-1	-1	-1	-1	-1	-1	-1
12053	无尽幻境第54层	0	36	0	-1	-1	-1	-1	-1	-1	-1	-1	-1	-1	-1	485	-1	-1	-1	3	-1	699250	无尽幻境	-1	-1	-1	-1	-1	-1	-1	-1	-1	-1	-1	-1	-1	12053	-1	-1	-1	-1	-1	-1	-1	1	-1	7901	-1	0	0	0	-1	0	-1	-1	-1	-1	-1	-1	-1	-1	-1	-1
12054	无尽幻境第55层	0	36	0	-1	-1	-1	-1	-1	-1	-1	-1	-1	-1	-1	485	-1	-1	-1	3	-1	720266	无尽幻境	-1	-1	-1	-1	-1	-1	-1	-1	-1	-1	-1	-1	-1	12054	-1	-1	-1	-1	-1	-1	-1	1	-1	7901	-1	0	0	0	-1	0	-1	-1	-1	-1	-1	-1	-1	-1	-1	-1
12055	无尽幻境第56层	0	36	0	-1	-1	-1	-1	-1	-1	-1	-1	-1	-1	-1	485	-1	-1	-1	3	-1	741624	无尽幻境	-1	-1	-1	-1	-1	-1	-1	-1	-1	-1	-1	-1	-1	12055	-1	-1	-1	-1	-1	-1	-1	1	-1	7901	-1	0	0	0	-1	0	-1	-1	-1	-1	-1	-1	-1	-1	-1	-1
12056	无尽幻境第57层	0	36	0	-1	-1	-1	-1	-1	-1	-1	-1	-1	-1	-1	485	-1	-1	-1	3	-1	763327	无尽幻境	-1	-1	-1	-1	-1	-1	-1	-1	-1	-1	-1	-1	-1	12056	-1	-1	-1	-1	-1	-1	-1	1	-1	7901	-1	0	0	0	-1	0	-1	-1	-1	-1	-1	-1	-1	-1	-1	-1
12057	无尽幻境第58层	0	36	0	-1	-1	-1	-1	-1	-1	-1	-1	-1	-1	-1	485	-1	-1	-1	3	-1	785377	无尽幻境	-1	-1	-1	-1	-1	-1	-1	-1	-1	-1	-1	-1	-1	12057	-1	-1	-1	-1	-1	-1	-1	1	-1	7901	-1	0	0	0	-1	0	-1	-1	-1	-1	-1	-1	-1	-1	-1	-1
12058	无尽幻境第59层	0	36	0	-1	-1	-1	-1	-1	-1	-1	-1	-1	-1	-1	485	-1	-1	-1	3	-1	807777	无尽幻境	-1	-1	-1	-1	-1	-1	-1	-1	-1	-1	-1	-1	-1	12058	-1	-1	-1	-1	-1	-1	-1	1	-1	7901	-1	0	0	0	-1	0	-1	-1	-1	-1	-1	-1	-1	-1	-1	-1
12059	无尽幻境第60层	0	36	0	-1	-1	-1	-1	-1	-1	-1	-1	-1	-1	-1	485	-1	-1	-1	3	-1	830529	无尽幻境	-1	-1	-1	-1	-1	-1	-1	-1	-1	-1	-1	-1	-1	12059	-1	-1	-1	-1	-1	-1	-1	1	-1	7901	-1	0	0	0	-1	0	-1	-1	-1	-1	-1	-1	-1	-1	-1	-1
12060	无尽幻境第61层	0	36	0	-1	-1	-1	-1	-1	-1	-1	-1	-1	-1	-1	485	-1	-1	-1	3	-1	853635	无尽幻境	-1	-1	-1	-1	-1	-1	-1	-1	-1	-1	-1	-1	-1	12060	-1	-1	-1	-1	-1	-1	-1	1	-1	7901	-1	0	0	0	-1	0	-1	-1	-1	-1	-1	-1	-1	-1	-1	-1
12061	无尽幻境第62层	0	36	0	-1	-1	-1	-1	-1	-1	-1	-1	-1	-1	-1	485	-1	-1	-1	3	-1	877098	无尽幻境	-1	-1	-1	-1	-1	-1	-1	-1	-1	-1	-1	-1	-1	12061	-1	-1	-1	-1	-1	-1	-1	1	-1	7901	-1	0	0	0	-1	0	-1	-1	-1	-1	-1	-1	-1	-1	-1	-1
12062	无尽幻境第63层	0	36	0	-1	-1	-1	-1	-1	-1	-1	-1	-1	-1	-1	485	-1	-1	-1	3	-1	900921	无尽幻境	-1	-1	-1	-1	-1	-1	-1	-1	-1	-1	-1	-1	-1	12062	-1	-1	-1	-1	-1	-1	-1	1	-1	7901	-1	0	0	0	-1	0	-1	-1	-1	-1	-1	-1	-1	-1	-1	-1
12063	无尽幻境第64层	0	36	0	-1	-1	-1	-1	-1	-1	-1	-1	-1	-1	-1	485	-1	-1	-1	3	-1	925105	无尽幻境	-1	-1	-1	-1	-1	-1	-1	-1	-1	-1	-1	-1	-1	12063	-1	-1	-1	-1	-1	-1	-1	1	-1	7901	-1	0	0	0	-1	0	-1	-1	-1	-1	-1	-1	-1	-1	-1	-1
12064	无尽幻境第65层	0	36	0	-1	-1	-1	-1	-1	-1	-1	-1	-1	-1	-1	485	-1	-1	-1	3	-1	949653	无尽幻境	-1	-1	-1	-1	-1	-1	-1	-1	-1	-1	-1	-1	-1	12064	-1	-1	-1	-1	-1	-1	-1	1	-1	7901	-1	0	0	0	-1	0	-1	-1	-1	-1	-1	-1	-1	-1	-1	-1
12065	无尽幻境第66层	0	36	0	-1	-1	-1	-1	-1	-1	-1	-1	-1	-1	-1	485	-1	-1	-1	3	-1	974568	无尽幻境	-1	-1	-1	-1	-1	-1	-1	-1	-1	-1	-1	-1	-1	12065	-1	-1	-1	-1	-1	-1	-1	1	-1	7901	-1	0	0	0	-1	0	-1	-1	-1	-1	-1	-1	-1	-1	-1	-1
12066	无尽幻境第67层	0	36	0	-1	-1	-1	-1	-1	-1	-1	-1	-1	-1	-1	485	-1	-1	-1	3	-1	999851	无尽幻境	-1	-1	-1	-1	-1	-1	-1	-1	-1	-1	-1	-1	-1	12066	-1	-1	-1	-1	-1	-1	-1	1	-1	7901	-1	0	0	0	-1	0	-1	-1	-1	-1	-1	-1	-1	-1	-1	-1
12067	无尽幻境第68层	0	36	0	-1	-1	-1	-1	-1	-1	-1	-1	-1	-1	-1	485	-1	-1	-1	3	-1	1025506	无尽幻境	-1	-1	-1	-1	-1	-1	-1	-1	-1	-1	-1	-1	-1	12067	-1	-1	-1	-1	-1	-1	-1	1	-1	7901	-1	0	0	0	-1	0	-1	-1	-1	-1	-1	-1	-1	-1	-1	-1
12068	无尽幻境第69层	0	36	0	-1	-1	-1	-1	-1	-1	-1	-1	-1	-1	-1	485	-1	-1	-1	3	-1	1051535	无尽幻境	-1	-1	-1	-1	-1	-1	-1	-1	-1	-1	-1	-1	-1	12068	-1	-1	-1	-1	-1	-1	-1	1	-1	7901	-1	0	0	0	-1	0	-1	-1	-1	-1	-1	-1	-1	-1	-1	-1
12069	无尽幻境第70层	0	36	0	-1	-1	-1	-1	-1	-1	-1	-1	-1	-1	-1	485	-1	-1	-1	3	-1	1077940	无尽幻境	-1	-1	-1	-1	-1	-1	-1	-1	-1	-1	-1	-1	-1	12069	-1	-1	-1	-1	-1	-1	-1	1	-1	7901	-1	0	0	0	-1	0	-1	-1	-1	-1	-1	-1	-1	-1	-1	-1
12070	无尽幻境第71层	0	36	0	-1	-1	-1	-1	-1	-1	-1	-1	-1	-1	-1	485	-1	-1	-1	3	-1	1104723	无尽幻境	-1	-1	-1	-1	-1	-1	-1	-1	-1	-1	-1	-1	-1	12070	-1	-1	-1	-1	-1	-1	-1	1	-1	7901	-1	0	0	0	-1	0	-1	-1	-1	-1	-1	-1	-1	-1	-1	-1
12071	无尽幻境第72层	0	36	0	-1	-1	-1	-1	-1	-1	-1	-1	-1	-1	-1	485	-1	-1	-1	3	-1	1131887	无尽幻境	-1	-1	-1	-1	-1	-1	-1	-1	-1	-1	-1	-1	-1	12071	-1	-1	-1	-1	-1	-1	-1	1	-1	7901	-1	0	0	0	-1	0	-1	-1	-1	-1	-1	-1	-1	-1	-1	-1
12072	无尽幻境第73层	0	36	0	-1	-1	-1	-1	-1	-1	-1	-1	-1	-1	-1	485	-1	-1	-1	3	-1	1159435	无尽幻境	-1	-1	-1	-1	-1	-1	-1	-1	-1	-1	-1	-1	-1	12072	-1	-1	-1	-1	-1	-1	-1	1	-1	7901	-1	0	0	0	-1	0	-1	-1	-1	-1	-1	-1	-1	-1	-1	-1
12073	无尽幻境第74层	0	36	0	-1	-1	-1	-1	-1	-1	-1	-1	-1	-1	-1	485	-1	-1	-1	3	-1	1187369	无尽幻境	-1	-1	-1	-1	-1	-1	-1	-1	-1	-1	-1	-1	-1	12073	-1	-1	-1	-1	-1	-1	-1	1	-1	7901	-1	0	0	0	-1	0	-1	-1	-1	-1	-1	-1	-1	-1	-1	-1
12074	无尽幻境第75层	0	36	0	-1	-1	-1	-1	-1	-1	-1	-1	-1	-1	-1	485	-1	-1	-1	3	-1	1215691	无尽幻境	-1	-1	-1	-1	-1	-1	-1	-1	-1	-1	-1	-1	-1	12074	-1	-1	-1	-1	-1	-1	-1	1	-1	7901	-1	0	0	0	-1	0	-1	-1	-1	-1	-1	-1	-1	-1	-1	-1
12075	无尽幻境第76层	0	36	0	-1	-1	-1	-1	-1	-1	-1	-1	-1	-1	-1	485	-1	-1	-1	3	-1	1244404	无尽幻境	-1	-1	-1	-1	-1	-1	-1	-1	-1	-1	-1	-1	-1	12075	-1	-1	-1	-1	-1	-1	-1	1	-1	7901	-1	0	0	0	-1	0	-1	-1	-1	-1	-1	-1	-1	-1	-1	-1
12076	无尽幻境第77层	0	36	0	-1	-1	-1	-1	-1	-1	-1	-1	-1	-1	-1	485	-1	-1	-1	3	-1	1273509	无尽幻境	-1	-1	-1	-1	-1	-1	-1	-1	-1	-1	-1	-1	-1	12076	-1	-1	-1	-1	-1	-1	-1	1	-1	7901	-1	0	0	0	-1	0	-1	-1	-1	-1	-1	-1	-1	-1	-1	-1
12077	无尽幻境第78层	0	36	0	-1	-1	-1	-1	-1	-1	-1	-1	-1	-1	-1	485	-1	-1	-1	3	-1	1303010	无尽幻境	-1	-1	-1	-1	-1	-1	-1	-1	-1	-1	-1	-1	-1	12077	-1	-1	-1	-1	-1	-1	-1	1	-1	7901	-1	0	0	0	-1	0	-1	-1	-1	-1	-1	-1	-1	-1	-1	-1
12078	无尽幻境第79层	0	36	0	-1	-1	-1	-1	-1	-1	-1	-1	-1	-1	-1	485	-1	-1	-1	3	-1	1332910	无尽幻境	-1	-1	-1	-1	-1	-1	-1	-1	-1	-1	-1	-1	-1	12078	-1	-1	-1	-1	-1	-1	-1	1	-1	7901	-1	0	0	0	-1	0	-1	-1	-1	-1	-1	-1	-1	-1	-1	-1
12079	无尽幻境第80层	0	36	0	-1	-1	-1	-1	-1	-1	-1	-1	-1	-1	-1	485	-1	-1	-1	3	-1	1363209	无尽幻境	-1	-1	-1	-1	-1	-1	-1	-1	-1	-1	-1	-1	-1	12079	-1	-1	-1	-1	-1	-1	-1	1	-1	7901	-1	0	0	0	-1	0	-1	-1	-1	-1	-1	-1	-1	-1	-1	-1
12080	无尽幻境第81层	0	36	0	-1	-1	-1	-1	-1	-1	-1	-1	-1	-1	-1	485	-1	-1	-1	3	-1	1393911	无尽幻境	-1	-1	-1	-1	-1	-1	-1	-1	-1	-1	-1	-1	-1	12080	-1	-1	-1	-1	-1	-1	-1	1	-1	7901	-1	0	0	0	-1	0	-1	-1	-1	-1	-1	-1	-1	-1	-1	-1
12081	无尽幻境第82层	0	36	0	-1	-1	-1	-1	-1	-1	-1	-1	-1	-1	-1	485	-1	-1	-1	3	-1	1425019	无尽幻境	-1	-1	-1	-1	-1	-1	-1	-1	-1	-1	-1	-1	-1	12081	-1	-1	-1	-1	-1	-1	-1	1	-1	7901	-1	0	0	0	-1	0	-1	-1	-1	-1	-1	-1	-1	-1	-1	-1
12082	无尽幻境第83层	0	36	0	-1	-1	-1	-1	-1	-1	-1	-1	-1	-1	-1	485	-1	-1	-1	3	-1	1456534	无尽幻境	-1	-1	-1	-1	-1	-1	-1	-1	-1	-1	-1	-1	-1	12082	-1	-1	-1	-1	-1	-1	-1	1	-1	7901	-1	0	0	0	-1	0	-1	-1	-1	-1	-1	-1	-1	-1	-1	-1
12083	无尽幻境第84层	0	36	0	-1	-1	-1	-1	-1	-1	-1	-1	-1	-1	-1	485	-1	-1	-1	3	-1	1488459	无尽幻境	-1	-1	-1	-1	-1	-1	-1	-1	-1	-1	-1	-1	-1	12083	-1	-1	-1	-1	-1	-1	-1	1	-1	7901	-1	0	0	0	-1	0	-1	-1	-1	-1	-1	-1	-1	-1	-1	-1
12084	无尽幻境第85层	0	36	0	-1	-1	-1	-1	-1	-1	-1	-1	-1	-1	-1	485	-1	-1	-1	3	-1	1520797	无尽幻境	-1	-1	-1	-1	-1	-1	-1	-1	-1	-1	-1	-1	-1	12084	-1	-1	-1	-1	-1	-1	-1	1	-1	7901	-1	0	0	0	-1	0	-1	-1	-1	-1	-1	-1	-1	-1	-1	-1
12085	无尽幻境第86层	0	36	0	-1	-1	-1	-1	-1	-1	-1	-1	-1	-1	-1	485	-1	-1	-1	3	-1	1553549	无尽幻境	-1	-1	-1	-1	-1	-1	-1	-1	-1	-1	-1	-1	-1	12085	-1	-1	-1	-1	-1	-1	-1	1	-1	7901	-1	0	0	0	-1	0	-1	-1	-1	-1	-1	-1	-1	-1	-1	-1
12086	无尽幻境第87层	0	36	0	-1	-1	-1	-1	-1	-1	-1	-1	-1	-1	-1	485	-1	-1	-1	3	-1	1586719	无尽幻境	-1	-1	-1	-1	-1	-1	-1	-1	-1	-1	-1	-1	-1	12086	-1	-1	-1	-1	-1	-1	-1	1	-1	7901	-1	0	0	0	-1	0	-1	-1	-1	-1	-1	-1	-1	-1	-1	-1
12087	无尽幻境第88层	0	36	0	-1	-1	-1	-1	-1	-1	-1	-1	-1	-1	-1	485	-1	-1	-1	3	-1	1620308	无尽幻境	-1	-1	-1	-1	-1	-1	-1	-1	-1	-1	-1	-1	-1	12087	-1	-1	-1	-1	-1	-1	-1	1	-1	7901	-1	0	0	0	-1	0	-1	-1	-1	-1	-1	-1	-1	-1	-1	-1
12088	无尽幻境第89层	0	36	0	-1	-1	-1	-1	-1	-1	-1	-1	-1	-1	-1	485	-1	-1	-1	3	-1	1654320	无尽幻境	-1	-1	-1	-1	-1	-1	-1	-1	-1	-1	-1	-1	-1	12088	-1	-1	-1	-1	-1	-1	-1	1	-1	7901	-1	0	0	0	-1	0	-1	-1	-1	-1	-1	-1	-1	-1	-1	-1
12089	无尽幻境第90层	0	36	0	-1	-1	-1	-1	-1	-1	-1	-1	-1	-1	-1	485	-1	-1	-1	3	-1	1688756	无尽幻境	-1	-1	-1	-1	-1	-1	-1	-1	-1	-1	-1	-1	-1	12089	-1	-1	-1	-1	-1	-1	-1	1	-1	7901	-1	0	0	0	-1	0	-1	-1	-1	-1	-1	-1	-1	-1	-1	-1
12090	无尽幻境第91层	0	36	0	-1	-1	-1	-1	-1	-1	-1	-1	-1	-1	-1	485	-1	-1	-1	3	-1	1723619	无尽幻境	-1	-1	-1	-1	-1	-1	-1	-1	-1	-1	-1	-1	-1	12090	-1	-1	-1	-1	-1	-1	-1	1	-1	7901	-1	0	0	0	-1	0	-1	-1	-1	-1	-1	-1	-1	-1	-1	-1
12091	无尽幻境第92层	0	36	0	-1	-1	-1	-1	-1	-1	-1	-1	-1	-1	-1	485	-1	-1	-1	3	-1	1758911	无尽幻境	-1	-1	-1	-1	-1	-1	-1	-1	-1	-1	-1	-1	-1	12091	-1	-1	-1	-1	-1	-1	-1	1	-1	7901	-1	0	0	0	-1	0	-1	-1	-1	-1	-1	-1	-1	-1	-1	-1
12092	无尽幻境第93层	0	36	0	-1	-1	-1	-1	-1	-1	-1	-1	-1	-1	-1	485	-1	-1	-1	3	-1	1794635	无尽幻境	-1	-1	-1	-1	-1	-1	-1	-1	-1	-1	-1	-1	-1	12092	-1	-1	-1	-1	-1	-1	-1	1	-1	7901	-1	0	0	0	-1	0	-1	-1	-1	-1	-1	-1	-1	-1	-1	-1
12093	无尽幻境第94层	0	36	0	-1	-1	-1	-1	-1	-1	-1	-1	-1	-1	-1	485	-1	-1	-1	3	-1	1830794	无尽幻境	-1	-1	-1	-1	-1	-1	-1	-1	-1	-1	-1	-1	-1	12093	-1	-1	-1	-1	-1	-1	-1	1	-1	7901	-1	0	0	0	-1	0	-1	-1	-1	-1	-1	-1	-1	-1	-1	-1
12094	无尽幻境第95层	0	36	0	-1	-1	-1	-1	-1	-1	-1	-1	-1	-1	-1	485	-1	-1	-1	3	-1	1867389	无尽幻境	-1	-1	-1	-1	-1	-1	-1	-1	-1	-1	-1	-1	-1	12094	-1	-1	-1	-1	-1	-1	-1	1	-1	7901	-1	0	0	0	-1	0	-1	-1	-1	-1	-1	-1	-1	-1	-1	-1
12095	无尽幻境第96层	0	36	0	-1	-1	-1	-1	-1	-1	-1	-1	-1	-1	-1	485	-1	-1	-1	3	-1	1904423	无尽幻境	-1	-1	-1	-1	-1	-1	-1	-1	-1	-1	-1	-1	-1	12095	-1	-1	-1	-1	-1	-1	-1	1	-1	7901	-1	0	0	0	-1	0	-1	-1	-1	-1	-1	-1	-1	-1	-1	-1
12096	无尽幻境第97层	0	36	0	-1	-1	-1	-1	-1	-1	-1	-1	-1	-1	-1	485	-1	-1	-1	3	-1	1941899	无尽幻境	-1	-1	-1	-1	-1	-1	-1	-1	-1	-1	-1	-1	-1	12096	-1	-1	-1	-1	-1	-1	-1	1	-1	7901	-1	0	0	0	-1	0	-1	-1	-1	-1	-1	-1	-1	-1	-1	-1
12097	无尽幻境第98层	0	36	0	-1	-1	-1	-1	-1	-1	-1	-1	-1	-1	-1	485	-1	-1	-1	3	-1	1979819	无尽幻境	-1	-1	-1	-1	-1	-1	-1	-1	-1	-1	-1	-1	-1	12097	-1	-1	-1	-1	-1	-1	-1	1	-1	7901	-1	0	0	0	-1	0	-1	-1	-1	-1	-1	-1	-1	-1	-1	-1
12098	无尽幻境第99层	0	36	0	-1	-1	-1	-1	-1	-1	-1	-1	-1	-1	-1	485	-1	-1	-1	3	-1	2018185	无尽幻境	-1	-1	-1	-1	-1	-1	-1	-1	-1	-1	-1	-1	-1	12098	-1	-1	-1	-1	-1	-1	-1	1	-1	7901	-1	0	0	0	-1	0	-1	-1	-1	-1	-1	-1	-1	-1	-1	-1
12099	无尽幻境第100层	0	36	0	-1	-1	-1	-1	-1	-1	-1	-1	-1	-1	-1	485	-1	-1	-1	3	-1	2057000	无尽幻境	-1	-1	-1	-1	-1	-1	-1	-1	-1	-1	-1	-1	-1	12099	-1	-1	-1	-1	-1	-1	-1	1	-1	7901	-1	0	0	0	-1	0	-1	-1	-1	-1	-1	-1	-1	-1	-1	-1
20000	蛮荒孤岛	3	34	0	-1	-1	-1	-1	-1	-1	-1	-1	-1	-1	2009	2009	1225	10	-1	10	-1	-1	100级可进入，存活的人数越少经验越多。\n默认开启杀戮模式，击杀玩家也能获得经验和金币奖励。\n连杀数越高的玩家获得的奖励越高，死亡一方能获得增益BUFF。\n每天12：25-12:35开启！	2	6000	1	352000	-1	-1	-1	-1	-1	-1	-1	-1	-1	20000	-1	406	-1	-1	-1	-1	-1	0	-1	-1	-1	0	0	0	-1	0	-1	-1	-1	-1	-1	-1	-1	-1	-1	4800|3200|20000|2|100
20001	蛮荒孤岛	3	34	0	-1	-1	-1	-1	-1	-1	-1	-1	-1	-1	44001	44001	1225	10	-1	10	-1	-1	100级可进入，存活的人数越少经验越多。\n默认开启杀戮模式，击杀玩家也能获得经验和金币奖励。\n连杀数越高的玩家获得的奖励越高，死亡一方能获得增益BUFF。\n每天12：25-12:35开启！	2	9000	1	478400	-1	-1	-1	-1	-1	-1	-1	-1	-1	20001	-1	407	-1	-1	-1	-1	-1	0	-1	-1	-1	0	0	0	-1	0	-1	-1	-1	-1	-1	-1	-1	-1	-1	9600|5600|30000|2|100
20002	蛮荒孤岛	3	34	0	-1	-1	-1	-1	-1	-1	-1	-1	-1	-1	44002	44002	1225	10	-1	10	-1	-1	100级可进入，存活的人数越少经验越多。\n默认开启杀戮模式，击杀玩家也能获得经验和金币奖励。\n连杀数越高的玩家获得的奖励越高，死亡一方能获得增益BUFF。\n每天12：25-12:35开启！	2	12000	1	708400	-1	-1	-1	-1	-1	-1	-1	-1	-1	20002	-1	408	-1	-1	-1	-1	-1	0	-1	-1	-1	0	0	0	-1	0	-1	-1	-1	-1	-1	-1	-1	-1	-1	14400|8800|40000|2|100
20003	蛮荒孤岛	3	34	0	-1	-1	-1	-1	-1	-1	-1	-1	-1	-1	44003	44003	1225	10	-1	10	-1	-1	100级可进入，存活的人数越少经验越多。\n默认开启杀戮模式，击杀玩家也能获得经验和金币奖励。\n连杀数越高的玩家获得的奖励越高，死亡一方能获得增益BUFF。\n每天12：25-12:35开启！	2	15000	1	984400	-1	-1	-1	-1	-1	-1	-1	-1	-1	20003	-1	409	-1	-1	-1	-1	-1	0	-1	-1	-1	0	0	0	-1	0	-1	-1	-1	-1	-1	-1	-1	-1	-1	24000|12800|50000|2|100
20004	蛮荒孤岛	3	34	0	-1	-1	-1	-1	-1	-1	-1	-1	-1	-1	44004	44004	1225	10	-1	10	-1	-1	100级可进入，存活的人数越少经验越多。\n默认开启杀戮模式，击杀玩家也能获得经验和金币奖励。\n连杀数越高的玩家获得的奖励越高，死亡一方能获得增益BUFF。\n每天12：25-12:35开启！	2	18000	1	1306400	-1	-1	-1	-1	-1	-1	-1	-1	-1	20004	-1	410	-1	-1	-1	-1	-1	0	-1	-1	-1	0	0	0	-1	0	-1	-1	-1	-1	-1	-1	-1	-1	-1	38400|17600|60000|2|100
20005	蛮荒孤岛	3	34	0	-1	-1	-1	-1	-1	-1	-1	-1	-1	-1	44005	44005	1225	10	-1	10	-1	-1	100级可进入，存活的人数越少经验越多。\n默认开启杀戮模式，击杀玩家也能获得经验和金币奖励。\n连杀数越高的玩家获得的奖励越高，死亡一方能获得增益BUFF。\n每天12：25-12:35开启！	2	21600	1	1674400	-1	-1	-1	-1	-1	-1	-1	-1	-1	20005	-1	411	-1	-1	-1	-1	-1	0	-1	-1	-1	0	0	0	-1	0	-1	-1	-1	-1	-1	-1	-1	-1	-1	62400|24000|80000|2|100
20100	蛮荒孤岛	3	34	0	-1	-1	-1	-1	-1	-1	-1	-1	-1	-1	0	99995	1225	10	-1	10	-1	-1	100级可进入，存活的人数越少经验越多。\n默认开启杀戮模式，击杀玩家也能获得经验和金币奖励。\n连杀数越高的玩家获得的奖励越高，死亡一方能获得增益BUFF。\n每天12：25-12:35开启！	2	21600	1	1674400	-1	-1	-1	-1	-1	-1	-1	-1	-1	20005	-1	411	-1	-1	-1	-1	-1	0	-1	-1	-1	0	0	0	-1	0	-1	-1	-1	-1	-1	-1	-1	-1	-1	62400|24000|80000|2|100
21000	古域战场	3	34	0	-1	-1	-1	-1	-1	-1	-1	-1	-1	-1	-1	-1	-1	-1	-1	10000000	-1	-1	-1	-1	-1	-1	-1	-1	-1	-1	-1	-1	-1	-1	-1	-1	21000	-1	-1	-1	-1	-1	-1	-1	1	-1	-1	-1	0	0	0	-1	-1	-1	-1	-1	-1	-1	-1	-1	-1	1	
22000	Boss之家	3	34	0	-1	-1	-1	-1	-1	-1	-1	-1	-1	-1	-1	-1	-1	-1	-1	10000000	-1	-1	-1	-1	-1	-1	-1	-1	-1	-1	-1	-1	-1	-1	-1	-1	22000	-1	-1	-1	-1	-1	-1	-1	1	-1	-1	-1	0	0	0	-1	1	-1	-1	-1	-1	-1	-1	-1	-1	1	
22001	Boss之家	3	34	0	-1	-1	-1	-1	-1	-1	-1	-1	-1	-1	-1	-1	-1	-1	-1	10000000	-1	-1	-1	-1	-1	-1	-1	-1	-1	-1	-1	-1	-1	-1	-1	-1	22001	-1	-1	-1	-1	-1	-1	-1	1	-1	-1	-1	0	0	0	-1	1	-1	-1	-1	-1	-1	-1	-1	-1	1	
30000	吃鸡大作战	3	37	0	-1	-1	-1	-1	-1	-1	-1	-1	-1	-1	2009	2009	-1	-1	-1	-1	-1	-1	100级可进入，存活的人数越少经验也越多；\n默认开启杀戮模式，击杀玩家也能获得经验和金币奖励；\n击杀连杀数高的玩家获得的奖励也越高，死亡一方能获得增益buff；\n每天12：30~13:00开启！	2	6000	1	352000	-1	-1	-1	-1	-1	-1	-1	-1	-1	50	-1	406	-1	-1	-1	-1	-1	0	-1	-1	-1	0	0	0	-1	0	-1	-1	-1	-1	-1	-1	-1	-1	-1	1200|3200|20000|2|100
