INT	INT	INT	INT	INT	INT	INT	INT	INT	INT	INT	STRING	INT	INT	INT	INT
ID	应用类型	位标示	扩展计数	参数1	参数2	参数3	参数4	参数5	参数6	参数7	参数8	参数9	参数10	参数11	参数12
0	1	300	-1	300	2	200000	-1	-1	-1	-1	-1	-1	-1	-1	-1
1	1	301	-1	600	22095	10	-1	-1	-1	-1	-1	-1	-1	-1	-1
2	1	302	-1	1800	22053	10	-1	-1	-1	-1	-1	-1	-1	-1	-1
3	1	303	-1	3600	22092	5	-1	-1	-1	-1	-1	-1	-1	-1	-1
4	1	304	-1	7200	23181	1	-1	-1	-1	-1	-1	-1	-1	-1	-1
5	2	305	-1	40	2	5	22017	22002	22000	100000	200	5	5	5	-1
6	2	306	-1	80	2	5	22017	23212	22018	200000	400	10	2	10	-1
7	2	307	-1	100	2	5	22017	23212	7	400000	600	15	3	1000	-1
8	2	308	-1	120	2	5	22017	23212	22066	600000	800	20	4	5	-1
9	2	309	-1	140	2	5	22017	23212	22054	800000	1000	25	5	1	-1
10	2	310	-1	160	2	5	22017	23212	18	1000000	1200	30	6	5000	-1
11	2	311	-1	180	2	5	22017	23212	22055	1200000	1400	35	7	1	-1
12	2	312	-1	200	2	5	22017	23212	22007	1400000	1600	40	8	1	-1
13	3	313	17	1	24513	1	-1	-1	-1	-1	-1	-1	-1	-1	-1
14	3	314	17	2	22093	1	-1	-1	-1	-1	-1	-1	-1	-1	-1
15	3	315	17	3	3	98	-1	-1	-1	-1	-1	-1	-1	-1	-1
16	3	316	17	4	22065	1	-1	-1	-1	-1	-1	-1	-1	-1	-1
17	3	317	17	5	20304	1	-1	-1	-1	-1	-1	-1	-1	-1	-1
18	4	318	16	999	1	17	60	20	15000	-1	-1	-1	-1	-1	-1
19	4	319	16	999	2	22000	2	20	15000	-1	-1	-1	-1	-1	-1
20	4	320	16	999	3	24512	1	20	15000	-1	-1	-1	-1	-1	-1
21	4	321	16	999	4	22001	1	20	15000	-1	-1	-1	-1	-1	-1
22	4	322	16	999	6	7	200	20	15000	-1	-1	-1	-1	-1	-1
23	4	323	16	999	7	22003	4	20	15000	-1	-1	-1	-1	-1	-1
24	4	324	16	999	8	17	80	20	15000	-1	-1	-1	-1	-1	-1
25	4	325	16	999	9	22000	3	20	15000	-1	-1	-1	-1	-1	-1
26	4	326	16	999	11	24513	1	20	15000	-1	-1	-1	-1	-1	-1
27	4	327	16	999	12	22001	2	20	15000	-1	-1	-1	-1	-1	-1
28	4	328	16	999	13	7	400	20	15000	-1	-1	-1	-1	-1	-1
29	4	329	16	999	14	22003	6	20	15000	-1	-1	-1	-1	-1	-1
30	4	330	16	999	16	17	100	20	15000	-1	-1	-1	-1	-1	-1
31	4	331	16	999	17	22000	4	20	15000	-1	-1	-1	-1	-1	-1
32	4	332	16	999	18	24514	1	20	15000	-1	-1	-1	-1	-1	-1
33	4	333	16	999	19	22001	3	20	15000	-1	-1	-1	-1	-1	-1
34	4	334	16	999	21	7	600	20	15000	-1	-1	-1	-1	-1	-1
35	4	335	16	999	22	22003	8	20	15000	-1	-1	-1	-1	-1	-1
36	4	336	16	999	23	28000	1	20	15000	-1	-1	-1	-1	-1	-1
37	4	337	16	999	24	22055	1	20	15000	-1	-1	-1	-1	-1	-1
38	4	338	16	1	5	36000	1	20	15000	-1	-1	-1	-1	-1	-1
39	4	339	16	1	10	36000	2	20	15000	-1	-1	-1	-1	-1	-1
40	4	340	16	1	15	36000	3	20	15000	-1	-1	-1	-1	-1	-1
41	4	341	16	1	20	36000	4	20	15000	-1	-1	-1	-1	-1	-1
42	4	342	16	1	25	36000	5	20	15000	-1	-1	-1	-1	-1	-1
43	4	343	16	2	5	36000	1	20	15000	-1	-1	-1	-1	-1	-1
44	4	344	16	2	10	36000	2	20	15000	-1	-1	-1	-1	-1	-1
45	4	345	16	2	15	36000	3	20	15000	-1	-1	-1	-1	-1	-1
46	4	346	16	2	20	36000	4	20	15000	-1	-1	-1	-1	-1	-1
47	4	347	16	2	25	36000	5	20	15000	-1	-1	-1	-1	-1	-1
48	4	348	16	3	5	36000	1	20	15000	-1	-1	-1	-1	-1	-1
49	4	349	16	3	10	36000	2	20	15000	-1	-1	-1	-1	-1	-1
50	4	350	16	3	15	36000	3	20	15000	-1	-1	-1	-1	-1	-1
51	4	351	16	3	20	36000	4	20	15000	-1	-1	-1	-1	-1	-1
52	4	352	16	3	25	36000	5	20	15000	-1	-1	-1	-1	-1	-1
53	4	353	16	4	5	36001	1	20	15000	-1	-1	-1	-1	-1	-1
54	4	354	16	4	10	36001	2	20	15000	-1	-1	-1	-1	-1	-1
55	4	355	16	4	15	36001	3	20	15000	-1	-1	-1	-1	-1	-1
56	4	356	16	4	20	36001	4	20	15000	-1	-1	-1	-1	-1	-1
57	4	357	16	4	25	36001	5	20	15000	-1	-1	-1	-1	-1	-1
58	4	358	16	5	5	36002	1	20	15000	-1	-1	-1	-1	-1	-1
59	4	359	16	5	10	36002	2	20	15000	-1	-1	-1	-1	-1	-1
60	4	360	16	5	15	36002	3	20	15000	-1	-1	-1	-1	-1	-1
61	4	361	16	5	20	36002	4	20	15000	-1	-1	-1	-1	-1	-1
62	4	362	16	5	25	36002	5	20	15000	-1	-1	-1	-1	-1	-1
63	4	363	16	6	5	36003	1	20	15000	-1	-1	-1	-1	-1	-1
64	4	364	16	6	10	36003	2	20	15000	-1	-1	-1	-1	-1	-1
65	4	365	16	6	15	36003	3	20	15000	-1	-1	-1	-1	-1	-1
66	4	366	16	6	20	36003	4	20	15000	-1	-1	-1	-1	-1	-1
67	4	367	16	6	25	36003	5	20	15000	-1	-1	-1	-1	-1	-1
68	4	368	16	7	5	36004	1	20	15000	-1	-1	-1	-1	-1	-1
69	4	369	16	7	10	36004	2	20	15000	-1	-1	-1	-1	-1	-1
70	4	370	16	7	15	36004	3	20	15000	-1	-1	-1	-1	-1	-1
71	4	371	16	7	20	36004	4	20	15000	-1	-1	-1	-1	-1	-1
72	4	372	16	7	25	36004	5	20	15000	-1	-1	-1	-1	-1	-1
73	4	373	16	8	5	36005	1	20	15000	-1	-1	-1	-1	-1	-1
74	4	374	16	8	10	36005	2	20	15000	-1	-1	-1	-1	-1	-1
75	4	375	16	8	15	36005	3	20	15000	-1	-1	-1	-1	-1	-1
76	4	376	16	8	20	36005	4	20	15000	-1	-1	-1	-1	-1	-1
77	4	377	16	8	25	36005	5	20	15000	-1	-1	-1	-1	-1	-1
78	4	378	16	9	5	36006	1	20	15000	-1	-1	-1	-1	-1	-1
79	4	379	16	9	10	36006	2	20	15000	-1	-1	-1	-1	-1	-1
80	4	380	16	9	15	36006	3	20	15000	-1	-1	-1	-1	-1	-1
81	4	381	16	9	20	36006	4	20	15000	-1	-1	-1	-1	-1	-1
82	4	382	16	9	25	36006	5	20	15000	-1	-1	-1	-1	-1	-1
83	4	383	16	10	5	36007	1	20	15000	-1	-1	-1	-1	-1	-1
84	4	384	16	10	10	36007	2	20	15000	-1	-1	-1	-1	-1	-1
85	4	385	16	10	15	36007	3	20	15000	-1	-1	-1	-1	-1	-1
86	4	386	16	10	20	36007	4	20	15000	-1	-1	-1	-1	-1	-1
87	4	387	16	10	25	36007	5	20	15000	-1	-1	-1	-1	-1	-1
88	4	388	16	11	5	36007	1	20	15000	-1	-1	-1	-1	-1	-1
89	4	389	16	11	10	36007	2	20	15000	-1	-1	-1	-1	-1	-1
90	4	390	16	11	15	36007	3	20	15000	-1	-1	-1	-1	-1	-1
91	4	391	16	11	20	36007	4	20	15000	-1	-1	-1	-1	-1	-1
92	4	392	16	11	25	36007	5	20	15000	-1	-1	-1	-1	-1	-1
93	4	393	16	12	5	36000	1	20	15000	-1	-1	-1	-1	-1	-1
94	4	394	16	12	10	36000	2	20	15000	-1	-1	-1	-1	-1	-1
95	4	395	16	12	15	36000	3	20	15000	-1	-1	-1	-1	-1	-1
96	4	396	16	12	20	36000	4	20	15000	-1	-1	-1	-1	-1	-1
97	4	397	16	12	25	36000	5	20	15000	-1	-1	-1	-1	-1	-1
98	5	398	-1	23001	1	-1	-1	-1	-1	-1	-1	-1	-1	-1	-1
99	5	399	-1	23002	1	-1	-1	-1	-1	-1	-1	-1	-1	-1	-1
100	5	400	-1	23003	1	-1	-1	-1	-1	-1	-1	-1	-1	-1	-1
116	7	416	15	23459	1	40	-1	-1	-1	-1	-1	-1	-1	-1	-1
117	7	417	15	23460	1	70	-1	-1	-1	-1	-1	-1	-1	-1	-1
118	7	418	15	23461	1	100	-1	-1	-1	-1	-1	-1	-1	-1	-1
119	7	419	15	23462	1	130	-1	-1	-1	-1	-1	-1	-1	-1	-1
120	7	420	15	23463	1	170	-1	-1	-1	-1	-1	-1	-1	-1	-1
500	2	2790	-1	220	2	5	22017	23212	7	1600000	1800	45	9	3000	-1
501	2	2791	-1	240	2	5	22017	23212	3	1800000	2000	50	10	1000	-1
502	2	2792	-1	260	2	5	22017	23212	3	2000000	2200	55	11	2000	-1
503	2	2793	-1	280	2	5	22017	23212	3	2200000	2400	60	12	3000	-1
504	2	2794	-1	300	2	5	22017	23212	3	2400000	2600	65	13	4000	-1
1000	0	-1	-1	22000	2	22001	2	22002	2	22003	2	-1	-1	-1	-1
1001	0	-1	-1	2	100000	3	10000	-1	-1	-1	-1	-1	-1	-1	-1
1002	0	-1	-1	24500	3	24503	3	24506	3	24509	3	-1	-1	-1	-1
1003	0	-1	-1	25001	2	25003	2	25005	2	25007	2	-1	-1	-1	-1
1004	0	-1	-1	22002	30	22010	10	22011	10	22004	10	-1	-1	-1	-1
1005	0	-1	-1	208301	1	204301	1	206301	1	209301	1	-1	-1	-1	-1
1006	0	-1	-1	308301	1	304301	1	306301	1	309301	1	-1	-1	-1	-1
1007	0	-1	-1	408301	1	404301	1	406301	1	409301	1	-1	-1	-1	-1
1008	0	-1	-1	200001	1	201301	1	207301	1	210301	1	-1	-1	-1	-1
1009	0	-1	-1	300001	1	301301	1	307301	1	310301	1	-1	-1	-1	-1
1010	0	-1	-1	400001	1	401301	1	407301	1	410301	1	-1	-1	-1	-1
1011	0	-1	-1	20000	1	20001	1	20002	1	20004	1	-1	-1	-1	-1
1012	0	-1	-1	20100	1	20101	1	20102	1	20105	1	-1	-1	-1	-1
1013	0	-1	-1	20200	1	20201	1	20202	1	20206	1	-1	-1	-1	-1
2000	8	519	437	8	22002	1	22052	1	2	100000	-1	-1	-1	-1	-1
2001	8	520	437	15	22000	1	22051	1	2	150000	-1	-1	-1	-1	-1
2500	9	552	94	1	17	100	2	50000	21900	5	22000	10	-1	-1	-1
2501	9	553	94	2	17	150	2	100000	22054	1	15013	1	-1	-1	-1
2502	9	554	94	3	17	200	2	150000	22003	40	22054	2	-1	-1	-1
2503	9	555	94	4	17	250	2	200000	22017	40	36001	40	-1	-1	-1
2504	9	556	94	5	17	300	2	300000	26917	1	22066	15	-1	-1	-1
2505	9	557	94	6	17	350	2	400000	22001	6	5	5000	-1	-1	-1
2506	9	558	94	7	17	400	2	500000	20305	4	40203	1	-1	-1	-1
3000	0	-1	-1	23118	4	23136	4	22007	1	70055	5	-1	-1	-1	-1
3001	0	-1	-1	23118	3	23136	3	22000	10	70055	4	-1	-1	-1	-1
3002	0	-1	-1	23118	2	23136	2	22000	8	70055	3	-1	-1	-1	-1
3003	0	-1	-1	23118	1	23136	1	22000	5	70055	2	-1	-1	-1	-1
4000	6	3010	-1	22018	90	22054	3	-1	-1	3	380	-1	-1	-1	-1
10001	0	-1	-1	2	100000	-1	-1	-1	-1	-1	-1	-1	-1	-1	-1
10002	0	-1	-1	2	100000	22018	12	22054	3	-1	-1	-1	-1	-1	-1
10003	0	-1	-1	2	100000	22018	92	22054	13	-1	-1	-1	-1	-1	-1
10004	0	-1	-1	2	100000	22018	396	22054	13	22056	1	-1	-1	-1	-1
10005	0	-1	-1	2	100000	22018	3596	22054	13	22056	11	-1	-1	-1	-1
10006	0	-1	-1	2	100000	22018	22796	22054	13	22056	31	-1	-1	-1	-1
10007	0	-1	-1	22018	12	-1	-1	-1	-1	-1	-1	-1	-1	-1	-1
10008	0	-1	-1	22018	12	-1	-1	-1	-1	-1	-1	-1	-1	-1	-1
10009	0	-1	-1	22018	12	-1	-1	-1	-1	-1	-1	-1	-1	-1	-1
10010	0	-1	-1	22018	12	-1	-1	-1	-1	-1	-1	-1	-1	-1	-1
10101	0	-1	-1	2	100000	-1	-1	-1	-1	-1	-1	-1	-1	-1	-1
10102	0	-1	-1	2	100000	22018	12	22054	3	-1	-1	-1	-1	-1	-1
10103	0	-1	-1	2	100000	22018	92	22054	13	-1	-1	-1	-1	-1	-1
10104	0	-1	-1	2	100000	22018	396	22054	13	22056	1	-1	-1	-1	-1
10105	0	-1	-1	2	100000	22018	3596	22054	13	22056	11	-1	-1	-1	-1
10106	0	-1	-1	2	100000	22018	22796	22054	13	22056	31	-1	-1	-1	-1
10107	0	-1	-1	22018	12	-1	-1	-1	-1	-1	-1	-1	-1	-1	-1
10108	0	-1	-1	22018	12	-1	-1	-1	-1	-1	-1	-1	-1	-1	-1
10109	0	-1	-1	22018	12	-1	-1	-1	-1	-1	-1	-1	-1	-1	-1
10110	0	-1	-1	22018	12	-1	-1	-1	-1	-1	-1	-1	-1	-1	-1
10201	0	-1	-1	2	100000	-1	-1	-1	-1	-1	-1	-1	-1	-1	-1
10202	0	-1	-1	2	100000	22018	12	22054	3	-1	-1	-1	-1	-1	-1
10203	0	-1	-1	2	100000	22018	92	22054	13	-1	-1	-1	-1	-1	-1
10204	0	-1	-1	2	100000	22018	396	22054	13	22056	1	-1	-1	-1	-1
10205	0	-1	-1	2	100000	22018	3596	22054	13	22056	11	-1	-1	-1	-1
10206	0	-1	-1	2	100000	22018	22796	22054	13	22056	31	-1	-1	-1	-1
10207	0	-1	-1	22018	12	-1	-1	-1	-1	-1	-1	-1	-1	-1	-1
10208	0	-1	-1	22018	12	-1	-1	-1	-1	-1	-1	-1	-1	-1	-1
10209	0	-1	-1	22018	12	-1	-1	-1	-1	-1	-1	-1	-1	-1	-1
10210	0	-1	-1	22018	12	-1	-1	-1	-1	-1	-1	-1	-1	-1	-1
15000	0	-1	-1	22066	5	-1	-1	-1	-1	-1	-1	-1	-1	-1	-1
15001	0	-1	-1	22066	15	-1	-1	-1	-1	-1	-1	-1	-1	-1	-1
15002	0	-1	-1	22066	35	-1	-1	-1	-1	-1	-1	-1	-1	-1	-1
15003	0	-1	-1	22066	60	-1	-1	-1	-1	-1	-1	-1	-1	-1	-1
15004	0	-1	-1	22066	150	-1	-1	-1	-1	-1	-1	-1	-1	-1	-1
15005	0	-1	-1	22066	350	-1	-1	-1	-1	-1	-1	-1	-1	-1	-1
15006	0	-1	-1	22066	350	-1	-1	-1	-1	-1	-1	-1	-1	-1	-1
15007	0	-1	-1	22066	1000	-1	-1	-1	-1	-1	-1	-1	-1	-1	-1
15008	0	-1	-1	22066	1500	-1	-1	-1	-1	-1	-1	-1	-1	-1	-1
15009	0	-1	-1	22066	2200	-1	-1	-1	-1	-1	-1	-1	-1	-1	-1
15010	0	-1	-1	22066	3500	-1	-1	-1	-1	-1	-1	-1	-1	-1	-1
15011	0	-1	-1	22066	4500	-1	-1	-1	-1	-1	-1	-1	-1	-1	-1
15012	0	-1	-1	22066	6000	-1	-1	-1	-1	-1	-1	-1	-1	-1	-1
15013	0	-1	-1	22066	12	-1	-1	-1	-1	-1	-1	-1	-1	-1	-1
15014	0	-1	-1	22066	25	-1	-1	-1	-1	-1	-1	-1	-1	-1	-1
15015	0	-1	-1	22066	40	-1	-1	-1	-1	-1	-1	-1	-1	-1	-1
15016	0	-1	-1	22066	50	-1	-1	-1	-1	-1	-1	-1	-1	-1	-1
15017	0	-1	-1	22066	70	-1	-1	-1	-1	-1	-1	-1	-1	-1	-1
15018	0	-1	-1	22066	120	-1	-1	-1	-1	-1	-1	-1	-1	-1	-1
15019	0	-1	-1	22066	190	-1	-1	-1	-1	-1	-1	-1	-1	-1	-1
15020	0	-1	-1	22066	380	-1	-1	-1	-1	-1	-1	-1	-1	-1	-1
16000	0	-1	-1	17	1000	-1	-1	-1	-1	-1	-1	-1	-1	-1	-1
16001	0	-1	-1	17	1000	-1	-1	-1	-1	-1	-1	-1	-1	-1	-1
16100	0	-1	-1	17	1000	-1	-1	-1	-1	-1	-1	-1	-1	-1	-1
16101	0	-1	-1	17	1000	-1	-1	-1	-1	-1	-1	-1	-1	-1	-1
16200	0	-1	-1	17	1000	-1	-1	-1	-1	-1	-1	-1	-1	-1	-1
16201	0	-1	-1	17	1000	-1	-1	-1	-1	-1	-1	-1	-1	-1	-1
