INT	INT	INT	STRING	INT	STRING	INT	STRING	STRING	STRING	INT	INT	STRING	INT	STRING	INT	INT	STRING	INT	INT	INT
活动ID	活动类型	活动子类型	标签文字	标签图标	活动服务器	开启规则	开始时间	结束时间	结算时间(只有排行榜类型有效)	父标签类型	UI模板	描述文字	右上角Icon	3D模型路径	参数1	参数2	字符串参数	排序权值	分类标签	红点显示类型
1	0	-1	活动首页	-1		-1	0	168	0	-1	0		-1	0	-1	-1		1500	0	0
2	2	-1	开服巨献！	3		2	0	720	0	-1	6		-1	300000|300001|300002	-1	-1		1480	0	0
3	1	-1	7天累计充值	1		-1	0	168	0	-1	2		2	0	-1	-1		1006	0	1
4	1	-1	7天累计充值	2		-1	0	168	0	-1	2		3	0	-1	-1		1005	0	1
5	2	-1	开服7天活动	-1		-1	0	168	0	-1	3		1	0	-1	-1		1004	0	1
6	2	-1	开服7天奖励	4		-1	0	168	0	-1	1		1	0	-1	-1		1003	0	1
7	2	-1	开服7天优惠购买	5		-1	0	168	0	-1	5		3	0	-1	-1		1002	0	1
8	2	-1	开服7天单日优惠购买	6		-1	0	168	0	-1	5		-1	0	-1	-1		1001	0	1
9	2	-1	开服7日消费奖励	-1		-1	0	168	0	-1	1		-1	0	-1	-1		999	0	0
10	2	-1	七天乐	-1		2	0	168	0	-1	3		-1	0	-1	-1		1300	0	0
11	1	-1	指定时间	5		-1	2017/5/1 21:17	2017/5/1 21:21	0	-1	1		-1	0	-1	-1		1430	0	0
13	1	-1	每日充值	301		2	0	336	0	-1	2	每日充值达到一定数额，可额外领取丰厚奖励！（活动期间内有效）	-1	0	-1	-1		1450	0	0
14	1	-1	累计充值	303		2	0	168	0	-1	2	累计充值满一定数额，可领取丰厚奖励！（活动期间内有效）	-1	0	-1	-1		1470	0	0
15	2	-1	折扣巨献	2200005		2	168	336	0	-1	5	一大波优惠正在袭来，买到就是赚到！（活动期间内有效）	-1	0	-1	-1		1460	0	1
16	2	-1	消费返利	2200006		2	168	336	0	-1	5	付出就有回报，买的越多价格越低！（活动期间内有效）	-1	0	-1	-1		1440	0	1
21	2	-1	第1天	3		-1	0	168	0	5	1		1	0	-1	-1		220	0	0
22	2	-1	第2天	3		-1	0	168	0	5	1		1	0	-1	-1		200	0	0
23	2	-1	第3天	3		-1	0	168	0	5	1		1	0	-1	-1		180	0	0
24	2	-1	第4天	3		-1	0	168	0	5	1		1	0	-1	-1		160	0	0
25	2	-1	第5天	3		-1	0	168	0	5	1		1	0	-1	-1		140	0	0
26	2	-1	第6天	3		-1	0	168	0	5	1		1	0	-1	-1		120	0	0
27	2	-1	第7天	3		-1	0	168	0	5	1		1	0	-1	-1		100	0	0
51	4	1	等级排行榜	302		2	0	48	24	-1	4	（结算有一定延迟）结算时间：	-1	0	-1	-1		1020	0	0
52	4	5	翅膀排行榜	300		2	24	96	72	-1	4	（结算有一定延迟）结算时间：	-1	0	-1	-1		1040	0	0
53	4	6	灵兽排行榜	304		2	48	120	96	-1	4	（结算有一定延迟）结算时间：	-1	0	-1	-1		1060	0	0
54	4	11	坐骑排行榜	306		2	72	144	120	-1	4	（结算有一定延迟）结算时间：	-1	0	-1	-1		1080	0	0
98	2	-1	隐藏引用	3		-1	0	168	0	-1	1		-1	0	-1	-1		1000	0	0
99	4	0	战斗力排行榜	305		2	0	168	144	-1	4	（结算有一定延迟）结算时间：	-1	0	-1	-1		980	0	0
100	4	7	开服7天充值排行榜	-1		-1	2017/5/5 0:00	2017/5/10 0:00	2017/5/8 0:00	-1	4		-1	0	-1	-1		960	0	0
200	2	-1	开服7天活动	-1		-1	0	168	0	-1	3		-1	0	-1	-1		940	0	0
201	2	-1	第1天	3		-1	0	168	0	200	1		-1	0	-1	-1		920	0	0
202	2	-1	第2天	3		-1	0	168	0	200	1		-1	0	-1	-1		900	0	0
203	2	-1	第3天	3		-1	0	168	0	200	1		-1	0	-1	-1		880	0	0
204	2	-1	第4天	3		-1	0	168	0	200	1		-1	0	-1	-1		860	0	0
205	2	-1	第5天	3		-1	0	168	0	200	1		-1	0	-1	-1		840	0	0
206	2	-1	第6天	3		-1	0	168	0	200	1		-1	0	-1	-1		820	0	0
207	2	-1	第7天	3		-1	0	168	0	200	1		-1	0	-1	-1		800	0	0
1000	5	-1	幸运大转盘	-1		2	0	24	0	-1	8		-1	0	50	-1	40|50|60|70|80	1290	0	0
1001	5	-1	幸运大转盘	-1		2	24	48	0	-1	8		-1	0	50	-1	40|50|60|70|80	1290	0	0
1002	5	-1	幸运大转盘	-1		2	48	72	0	-1	8		-1	0	50	-1	40|50|60|70|80	1290	0	0
1003	5	-1	幸运大转盘	-1		2	72	96	0	-1	8		-1	0	50	-1	40|50|60|70|80	1290	0	0
1004	5	-1	幸运大转盘	-1		2	96	120	0	-1	8		-1	0	50	-1	40|50|60|70|80	1290	0	0
1005	5	-1	幸运大转盘	-1		2	120	144	0	-1	8		-1	0	100	-1	90|120|150|180|210	1290	0	0
1006	5	-1	幸运大转盘	-1		2	144	168	0	-1	8		-1	0	50	-1	40|50|60|70|80	1290	0	0
1007	5	-1	幸运大转盘	-1		2	168	192	0	-1	8		-1	0	50	-1	40|50|60|70|80	1290	0	0
1008	5	-1	幸运大转盘	-1		2	192	216	0	-1	8		-1	0	50	-1	40|50|60|70|80	1290	0	0
1009	5	-1	幸运大转盘	-1		2	216	240	0	-1	8		-1	0	50	-1	40|50|60|70|80	1290	0	0
1010	5	-1	幸运大转盘	-1		2	240	264	0	-1	8		-1	0	50	-1	40|50|60|70|80	1290	0	0
1011	5	-1	幸运大转盘	-1		2	264	288	0	-1	8		-1	0	50	-1	40|50|60|70|80	1290	0	0
1012	5	-1	幸运大转盘	-1		2	288	312	0	-1	8		-1	0	100	-1	90|120|150|180|210	1290	0	0
1013	5	-1	幸运大转盘	-1		2	312	336	0	-1	8		-1	0	50	-1	40|50|60|70|80	1290	0	0
1014	5	-1	幸运大转盘	-1		2	336	360	0	-1	8		-1	0	50	-1	40|50|60|70|80	1290	0	0
1015	5	-1	幸运大转盘	-1		2	360	384	0	-1	8		-1	0	50	-1	40|50|60|70|80	1290	0	0
1016	5	-1	幸运大转盘	-1		2	384	408	0	-1	8		-1	0	50	-1	40|50|60|70|80	1290	0	0
1017	5	-1	幸运大转盘	-1		2	408	432	0	-1	8		-1	0	50	-1	40|50|60|70|80	1290	0	0
1018	5	-1	幸运大转盘	-1		2	432	456	0	-1	8		-1	0	50	-1	40|50|60|70|80	1290	0	0
1019	5	-1	幸运大转盘	-1		2	456	480	0	-1	8		-1	0	100	-1	90|120|150|180|210	1290	0	0
1020	5	-1	幸运大转盘	-1		2	480	504	0	-1	8		-1	0	50	-1	40|50|60|70|80	1290	0	0
1021	5	-1	幸运大转盘	-1		2	504	528	0	-1	8		-1	0	50	-1	40|50|60|70|80	1290	0	0
1022	5	-1	幸运大转盘	-1		2	528	552	0	-1	8		-1	0	50	-1	40|50|60|70|80	1290	0	0
1023	5	-1	幸运大转盘	-1		2	552	576	0	-1	8		-1	0	50	-1	40|50|60|70|80	1290	0	0
1024	5	-1	幸运大转盘	-1		2	576	600	0	-1	8		-1	0	50	-1	40|50|60|70|80	1290	0	0
1025	5	-1	幸运大转盘	-1		2	600	624	0	-1	8		-1	0	50	-1	40|50|60|70|80	1290	0	0
1026	5	-1	幸运大转盘	-1		2	624	648	0	-1	8		-1	0	100	-1	90|120|150|180|210	1290	0	0
1027	5	-1	幸运大转盘	-1		2	648	672	0	-1	8		-1	0	50	-1	40|50|60|70|80	1290	0	0
1028	5	-1	幸运大转盘	-1		2	672	696	0	-1	8		-1	0	50	-1	40|50|60|70|80	1290	0	0
1029	5	-1	幸运大转盘	-1		2	696	720	0	-1	8		-1	0	50	-1	40|50|60|70|80	1290	0	0
1030	5	-1	幸运大转盘	-1		2	720	744	0	-1	8		-1	0	50	-1	40|50|60|70|80	1290	0	0
1031	5	-1	幸运大转盘	-1		2	744	768	0	-1	8		-1	0	50	-1	40|50|60|70|80	1290	0	0
1032	5	-1	幸运大转盘	-1		2	768	792	0	-1	8		-1	0	50	-1	40|50|60|70|80	1290	0	0
1033	5	-1	幸运大转盘	-1		2	792	816	0	-1	8		-1	0	100	-1	90|120|150|180|210	1290	0	0
1034	5	-1	幸运大转盘	-1		2	816	840	0	-1	8		-1	0	50	-1	40|50|60|70|80	1290	0	0
1035	5	-1	幸运大转盘	-1		2	840	864	0	-1	8		-1	0	50	-1	40|50|60|70|80	1290	0	0
1036	5	-1	幸运大转盘	-1		2	864	888	0	-1	8		-1	0	50	-1	40|50|60|70|80	1290	0	0
1037	5	-1	幸运大转盘	-1		2	888	912	0	-1	8		-1	0	50	-1	40|50|60|70|80	1290	0	0
1038	5	-1	幸运大转盘	-1		2	912	936	0	-1	8		-1	0	50	-1	40|50|60|70|80	1290	0	0
1039	5	-1	幸运大转盘	-1		2	936	960	0	-1	8		-1	0	50	-1	40|50|60|70|80	1290	0	0
1040	5	-1	幸运大转盘	-1		2	960	984	0	-1	8		-1	0	100	-1	90|120|150|180|210	1290	0	0
1041	5	-1	幸运大转盘	-1		2	984	1008	0	-1	8		-1	0	50	-1	40|50|60|70|80	1290	0	0
2001	1	-1	每日充值	-1		-1	200	200	0	-1	2		-1	0	-1	-1		760	0	0
2002	1	-1	每日充值	-1		-1	200	200	0	-1	2		-1	0	-1	-1		740	0	0
2003	1	-1	每日充值	-1		-1	200	200	0	-1	2		-1	0	-1	-1		720	0	0
2004	1	-1	每日充值	-1		-1	200	200	0	-1	2		-1	0	-1	-1		700	0	0
2005	1	-1	每日充值	-1		-1	200	200	0	-1	2		-1	0	-1	-1		680	0	1
3001	2	-1	第1天	3		2	0	168	0	10	1		-1	0	-1	-1		660	0	0
3002	2	-1	第2天	3		2	0	168	0	10	1		-1	0	-1	-1		640	0	0
3003	2	-1	第3天	3		2	0	168	0	10	1		-1	0	-1	-1		620	0	0
3004	2	-1	第4天	3		2	0	168	0	10	1		-1	0	-1	-1		600	0	0
3005	2	-1	第5天	3		2	0	168	0	10	1		-1	0	-1	-1		580	0	0
3006	2	-1	第6天	3		2	0	168	0	10	1		-1	0	-1	-1		560	0	0
3007	2	-1	第7天	3		2	0	168	0	10	1		-1	0	-1	-1		540	0	0
5002	2	-1	开服巨献！	3		2	48	72	0	-1	6		-1	300000|300001|300002	-1	-1		1480	0	0
5014	1	-1	累计充值	303		2	168	336	0	-1	2	累计充值满一定数额，可领取丰厚奖励！（活动期间内有效）	-1	0	-1	-1		1470	0	0
5015	2	-1	折扣巨献	2200005		2	336	504	0	-1	5	一大波优惠正在袭来，买到就是赚到！（活动期间内有效）	-1	0	-1	-1		1460	0	1
5016	2	-1	消费返利	2200006		2	336	504	0	-1	5	付出就有回报，买的越多价格越低！（活动期间内有效）	-1	0	-1	-1		1440	0	1
6000	2	-1	寒食活动	307		1	2018/3/15 0:00	2018/4/1 0:00	0	-1	9	活动期间通过祭奠英灵获得特殊道具可换取特殊奖励	-1	0	-1	-1		1460	0	0
