INT	INT	INT	INT	INT	INT	INT	FLOAT	FLOAT
订单ID	订单物品(索引母表)	奖励金币区间小100	奖励金币区间大100	额外奖励价值(百分比)	额外奖励的概率(万分比)	额外奖励的掉落(索引子表)	金币价值系数(决定奖励数量)	经验的价值系数
0	20000	30	70	8960	1000	2000	25	62500
1	20001	30	70	8960	1000	2000	25	62500
2	20002	30	70	9896	1000	2001	25	62500
3	20003	30	70	9896	1000	2001	25	62500
4	20004	30	70	9896	1000	2001	25	62500
5	20005	30	70	10910	1000	2002	25	62500
6	20006	30	70	10910	1000	2002	25	62500
7	20007	30	70	10910	1000	2002	25	62500
8	20008	30	70	10910	1000	2002	25	62500
9	20009	30	70	10910	1000	2002	25	62500
10	20010	30	70	8960	1000	2000	25	31250
11	20011	30	70	8960	1000	2000	25	31250
12	20012	30	70	9896	1000	2001	25	31250
13	20013	30	70	9896	1000	2001	25	31250
14	20014	30	70	9896	1000	2001	25	31250
15	20015	30	70	10910	1000	2002	25	31250
16	20016	30	70	10910	1000	2002	25	31250
17	20017	30	70	10910	1000	2002	25	31250
18	20018	30	70	10910	1000	2002	25	31250
19	20019	30	70	10910	1000	2002	25	31250
20	20020	30	70	8960	1000	2000	25	62500
21	20021	30	70	8960	1000	2000	25	62500
22	20022	30	70	9896	1000	2001	25	62500
23	20023	30	70	9896	1000	2001	25	62500
24	20024	30	70	9896	1000	2001	25	62500
25	20025	30	70	10910	1000	2002	25	62500
26	20026	30	70	10910	1000	2002	25	62500
27	20027	30	70	10910	1000	2002	25	62500
28	20028	30	70	10910	1000	2002	25	62500
29	20029	30	70	10910	1000	2002	25	62500
30	20030	30	70	8960	1000	2000	25	31250
31	20031	30	70	8960	1000	2000	25	31250
32	20032	30	70	9896	1000	2001	25	31250
33	20033	30	70	9896	1000	2001	25	31250
34	20034	30	70	9896	1000	2001	25	31250
35	20035	30	70	10910	1000	2002	25	31250
36	20036	30	70	10910	1000	2002	25	31250
37	20037	30	70	10910	1000	2002	25	31250
38	20038	30	70	10910	1000	2002	25	31250
39	20039	30	70	10910	1000	2002	25	31250
40	20040	30	70	8960	1000	2000	25	62500
41	20041	30	70	8960	1000	2000	25	62500
42	20042	30	70	9896	1000	2001	25	62500
43	20043	30	70	9896	1000	2001	25	62500
44	20044	30	70	9896	1000	2001	25	62500
45	20045	30	70	10910	1000	2002	25	62500
46	20046	30	70	10910	1000	2002	25	62500
47	20047	30	70	10910	1000	2002	25	62500
48	20048	30	70	10910	1000	2002	25	62500
49	20049	30	70	10910	1000	2002	25	62500
50	20050	30	70	8960	1000	2000	25	31250
51	20051	30	70	8960	1000	2000	25	31250
52	20052	30	70	9896	1000	2001	25	31250
53	20053	30	70	9896	1000	2001	25	31250
54	20054	30	70	9896	1000	2001	25	31250
55	20055	30	70	10910	1000	2002	25	31250
56	20056	30	70	10910	1000	2002	25	31250
57	20057	30	70	10910	1000	2002	25	31250
58	20058	30	70	10910	1000	2002	25	31250
59	20059	30	70	10910	1000	2002	25	31250
60	20060	30	70	8960	1000	2000	25	62500
61	20061	30	70	8960	1000	2000	25	62500
62	20062	30	70	9896	1000	2001	25	62500
63	20063	30	70	9896	1000	2001	25	62500
64	20064	30	70	9896	1000	2001	25	62500
65	20065	30	70	10910	1000	2002	25	62500
66	20066	30	70	10910	1000	2002	25	62500
67	20067	30	70	10910	1000	2002	25	62500
68	20068	30	70	10910	1000	2002	25	62500
69	20069	30	70	10910	1000	2002	25	62500
70	20070	30	70	8960	1000	2000	25	31250
71	20071	30	70	8960	1000	2000	25	31250
72	20072	30	70	9896	1000	2001	25	31250
73	20073	30	70	9896	1000	2001	25	31250
74	20074	30	70	9896	1000	2001	25	31250
75	20075	30	70	10910	1000	2002	25	31250
76	20076	30	70	10910	1000	2002	25	31250
77	20077	30	70	10910	1000	2002	25	31250
78	20078	30	70	10910	1000	2002	25	31250
79	20079	30	70	10910	1000	2002	25	31250
80	20080	30	70	0	0	-1	25	62500
81	20081	30	70	0	0	-1	25	62500
82	20082	30	70	0	0	-1	25	62500
83	20083	30	70	0	0	-1	25	62500
84	20084	30	70	0	0	-1	25	62500
85	20085	30	70	0	0	-1	25	62500
86	20086	30	70	0	0	-1	25	62500
87	20087	30	70	0	0	-1	25	62500
88	20088	30	70	0	0	-1	25	62500
89	20089	30	70	0	0	-1	25	62500
90	20090	30	70	0	0	-1	25	31250
91	20091	30	70	0	0	-1	25	31250
92	20092	30	70	0	0	-1	25	31250
93	20093	30	70	0	0	-1	25	31250
94	20094	30	70	0	0	-1	25	31250
95	20095	30	70	0	0	-1	25	31250
96	20096	30	70	0	0	-1	25	31250
97	20097	30	70	0	0	-1	25	31250
98	20098	30	70	0	0	-1	25	31250
99	20099	30	70	0	0	-1	25	31250
100	20100	30	70	0	0	-1	25	62500
101	20101	30	70	0	0	-1	25	62500
102	20102	30	70	0	0	-1	25	62500
103	20103	30	70	0	0	-1	25	62500
104	20104	30	70	0	0	-1	25	62500
105	20105	30	70	0	0	-1	25	62500
106	20106	30	70	0	0	-1	25	62500
107	20107	30	70	0	0	-1	25	62500
108	20108	30	70	0	0	-1	25	62500
109	20109	30	70	0	0	-1	25	62500
110	20110	30	70	0	0	-1	25	31250
111	20111	30	70	0	0	-1	25	31250
112	20112	30	70	0	0	-1	25	31250
113	20113	30	70	0	0	-1	25	31250
114	20114	30	70	0	0	-1	25	31250
115	20115	30	70	0	0	-1	25	31250
116	20116	30	70	0	0	-1	25	31250
117	20117	30	70	0	0	-1	25	31250
118	20118	30	70	0	0	-1	25	31250
119	20119	30	70	0	0	-1	25	31250
120	20120	30	70	14500	10000	2006	25	62500
121	20121	30	70	14500	10000	2006	25	62500
122	20122	30	70	36500	10000	2007	25	62500
123	20123	30	70	36500	10000	2007	25	62500
124	20124	30	70	49000	10000	2008	25	62500
125	20125	30	70	49000	10000	2008	25	62500
126	20126	30	70	70000	10000	2009	25	62500
127	20127	30	70	70000	10000	2009	25	62500
128	20128	30	70	70000	10000	2009	25	62500
129	20129	30	70	70000	10000	2009	25	62500
130	20130	30	70	14500	10000	2006	25	31250
131	20131	30	70	14500	10000	2006	25	31250
132	20132	30	70	36500	10000	2007	25	31250
133	20133	30	70	36500	10000	2007	25	31250
134	20134	30	70	49000	10000	2008	25	31250
135	20135	30	70	49000	10000	2008	25	31250
136	20136	30	70	70000	10000	2009	25	31250
137	20137	30	70	70000	10000	2009	25	31250
138	20138	30	70	70000	10000	2009	25	31250
139	20139	30	70	70000	10000	2009	25	31250
140	20140	30	70	8960	1000	2000	25	62500
141	20141	30	70	8960	1000	2000	25	62500
142	20142	30	70	9896	1000	2001	25	62500
143	20143	30	70	9896	1000	2001	25	62500
144	20144	30	70	9896	1000	2001	25	62500
145	20145	30	70	10910	1000	2002	25	62500
146	20146	30	70	10910	1000	2002	25	62500
147	20147	30	70	10910	1000	2002	25	62500
148	20148	30	70	10910	1000	2002	25	62500
149	20149	30	70	10910	1000	2002	25	62500
150	20150	30	70	8960	1000	2000	25	31250
151	20151	30	70	8960	1000	2000	25	31250
152	20152	30	70	9896	1000	2001	25	31250
153	20153	30	70	9896	1000	2001	25	31250
154	20154	30	70	9896	1000	2001	25	31250
155	20155	30	70	10910	1000	2002	25	31250
156	20156	30	70	10910	1000	2002	25	31250
157	20157	30	70	10910	1000	2002	25	31250
158	20158	30	70	10910	1000	2002	25	31250
159	20159	30	70	10910	1000	2002	25	31250
160	20160	30	70	8960	1000	2000	25	62500
161	20161	30	70	8960	1000	2000	25	62500
162	20162	30	70	9896	1000	2001	25	62500
163	20163	30	70	9896	1000	2001	25	62500
164	20164	30	70	9896	1000	2001	25	62500
165	20165	30	70	10910	1000	2002	25	62500
166	20166	30	70	10910	1000	2002	25	62500
167	20167	30	70	10910	1000	2002	25	62500
168	20168	30	70	10910	1000	2002	25	62500
169	20169	30	70	10910	1000	2002	25	62500
170	20170	30	70	8960	1000	2000	25	31250
171	20171	30	70	8960	1000	2000	25	31250
172	20172	30	70	9896	1000	2001	25	31250
173	20173	30	70	9896	1000	2001	25	31250
174	20174	30	70	9896	1000	2001	25	31250
175	20175	30	70	10910	1000	2002	25	31250
176	20176	30	70	10910	1000	2002	25	31250
177	20177	30	70	10910	1000	2002	25	31250
178	20178	30	70	10910	1000	2002	25	31250
179	20179	30	70	10910	1000	2002	25	31250
180	20180	30	70	8960	1000	2000	25	62500
181	20181	30	70	8960	1000	2000	25	62500
182	20182	30	70	9896	1000	2001	25	62500
183	20183	30	70	9896	1000	2001	25	62500
184	20184	30	70	9896	1000	2001	25	62500
185	20185	30	70	10910	1000	2002	25	62500
186	20186	30	70	10910	1000	2002	25	62500
187	20187	30	70	10910	1000	2002	25	62500
188	20188	30	70	10910	1000	2002	25	62500
189	20189	30	70	10910	1000	2002	25	62500
190	20190	30	70	8960	1000	2000	25	31250
191	20191	30	70	8960	1000	2000	25	31250
192	20192	30	70	9896	1000	2001	25	31250
193	20193	30	70	9896	1000	2001	25	31250
194	20194	30	70	9896	1000	2001	25	31250
195	20195	30	70	10910	1000	2002	25	31250
196	20196	30	70	10910	1000	2002	25	31250
197	20197	30	70	10910	1000	2002	25	31250
198	20198	30	70	10910	1000	2002	25	31250
199	20199	30	70	10910	1000	2002	25	31250
200	20200	30	70	8960	1000	2000	25	62500
201	20201	30	70	8960	1000	2000	25	62500
202	20202	30	70	9896	1000	2001	25	62500
203	20203	30	70	9896	1000	2001	25	62500
204	20204	30	70	9896	1000	2001	25	62500
205	20205	30	70	10910	1000	2002	25	62500
206	20206	30	70	10910	1000	2002	25	62500
207	20207	30	70	10910	1000	2002	25	62500
208	20208	30	70	10910	1000	2002	25	62500
209	20209	30	70	10910	1000	2002	25	62500
210	20210	30	70	8960	1000	2000	25	31250
211	20211	30	70	8960	1000	2000	25	31250
212	20212	30	70	9896	1000	2001	25	31250
213	20213	30	70	9896	1000	2001	25	31250
214	20214	30	70	9896	1000	2001	25	31250
215	20215	30	70	10910	1000	2002	25	31250
216	20216	30	70	10910	1000	2002	25	31250
217	20217	30	70	10910	1000	2002	25	31250
218	20218	30	70	10910	1000	2002	25	31250
219	20219	30	70	10910	1000	2002	25	31250
220	20220	30	70	0	0	-1	25	62500
221	20221	30	70	0	0	-1	25	62500
222	20222	30	70	0	0	-1	25	62500
223	20223	30	70	0	0	-1	25	62500
224	20224	30	70	0	0	-1	25	62500
225	20225	30	70	0	0	-1	25	62500
226	20226	30	70	0	0	-1	25	62500
227	20227	30	70	0	0	-1	25	62500
228	20228	30	70	0	0	-1	25	62500
229	20229	30	70	0	0	-1	25	62500
230	20230	30	70	0	0	-1	25	31250
231	20231	30	70	0	0	-1	25	31250
232	20232	30	70	0	0	-1	25	31250
233	20233	30	70	0	0	-1	25	31250
234	20234	30	70	0	0	-1	25	31250
235	20235	30	70	0	0	-1	25	31250
236	20236	30	70	0	0	-1	25	31250
237	20237	30	70	0	0	-1	25	31250
238	20238	30	70	0	0	-1	25	31250
239	20239	30	70	0	0	-1	25	31250
240	20240	30	70	0	0	-1	25	62500
241	20241	30	70	0	0	-1	25	62500
242	20242	30	70	0	0	-1	25	62500
243	20243	30	70	0	0	-1	25	62500
244	20244	30	70	0	0	-1	25	62500
245	20245	30	70	0	0	-1	25	62500
246	20246	30	70	0	0	-1	25	62500
247	20247	30	70	0	0	-1	25	62500
248	20248	30	70	0	0	-1	25	62500
249	20249	30	70	0	0	-1	25	62500
250	20250	30	70	0	0	-1	25	31250
251	20251	30	70	0	0	-1	25	31250
252	20252	30	70	0	0	-1	25	31250
253	20253	30	70	0	0	-1	25	31250
254	20254	30	70	0	0	-1	25	31250
255	20255	30	70	0	0	-1	25	31250
256	20256	30	70	0	0	-1	25	31250
257	20257	30	70	0	0	-1	25	31250
258	20258	30	70	0	0	-1	25	31250
259	20259	30	70	0	0	-1	25	31250
260	20260	30	70	14500	10000	2006	25	62500
261	20261	30	70	14500	10000	2006	25	62500
262	20262	30	70	36500	10000	2007	25	62500
263	20263	30	70	36500	10000	2007	25	62500
264	20264	30	70	49000	10000	2008	25	62500
265	20265	30	70	49000	10000	2008	25	62500
266	20266	30	70	70000	10000	2009	25	62500
267	20267	30	70	70000	10000	2009	25	62500
268	20268	30	70	70000	10000	2009	25	62500
269	20269	30	70	70000	10000	2009	25	62500
270	20270	30	70	14500	10000	2006	25	31250
271	20271	30	70	14500	10000	2006	25	31250
272	20272	30	70	36500	10000	2007	25	31250
273	20273	30	70	36500	10000	2007	25	31250
274	20274	30	70	49000	10000	2008	25	31250
275	20275	30	70	49000	10000	2008	25	31250
276	20276	30	70	70000	10000	2009	25	31250
277	20277	30	70	70000	10000	2009	25	31250
278	20278	30	70	70000	10000	2009	25	31250
279	20279	30	70	70000	10000	2009	25	31250
