INT	INT	INT	INT	INT	INT	INT	INT	INT	INT	INT	INT	INT	INT	INT	INT	INT	INT	INT	INT	INT	INT	INT	INT	INT	INT	INT
索引ID	Character相关索引	随从类型	星级	最高星级	进阶所需碎片ID	进阶所需碎片数量	合成/进阶到该星级所需孵化的时间(分)	进阶后ID	技能1ID	技能1激活星级	技能2ID	技能2激活星级	技能3ID	技能3激活星级	技能4ID	技能4激活星级	特长1激活等级	特长2激活等级	特长3激活等级	升级所需经验(索引SkillUpgrading)	属性转化索引	特长1库ID	特长2库ID	特长3库ID	分解获得碎片数量	是否显示在随从列表
0	-1	-1	0	-1	-1	-1	-1	-1	-1	-1	-1	-1	-1	-1	-1	-1	-1	-1	-1	-1	-1	-1	-1	-1	-1	1
60000	60000	0	1	5	70000	50	120	60001	201	1	103	3	100	5	-1	-1	1	25	50	5000	10000	2	15	18	5	1
60001	60001	0	2	5	70000	100	240	60002	201	1	103	3	100	5	-1	-1	1	25	50	5000	10001	2	15	18	10	1
60002	60002	0	3	5	70000	200	360	60003	201	1	103	3	100	5	-1	-1	1	25	50	5000	10002	2	15	18	20	1
60003	60003	0	4	5	70000	300	480	60004	201	1	103	3	100	5	-1	-1	1	25	50	5000	10003	2	15	18	40	1
60004	60004	0	5	5	70000	-1	600	-1	201	1	103	3	100	5	-1	-1	1	25	50	5000	10004	2	15	18	80	1
60005	60005	0	1	5	70001	50	120	60006	101	1	200	3	304	5	-1	-1	1	25	50	5000	10005	15	18	18	5	0
60006	60006	0	2	5	70001	100	240	60007	101	1	200	3	304	5	-1	-1	1	25	50	5000	10006	15	18	18	10	0
60007	60007	0	3	5	70001	200	360	60008	101	1	200	3	304	5	-1	-1	1	25	50	5000	10007	15	18	18	20	0
60008	60008	0	4	5	70001	300	480	60009	101	1	200	3	304	5	-1	-1	1	25	50	5000	10008	15	18	18	40	0
60009	60009	0	5	5	70001	-1	600	-1	101	1	200	3	304	5	-1	-1	1	25	50	5000	10009	15	18	18	80	0
60010	60010	0	1	5	70002	50	120	60011	104	1	303	3	400	5	-1	-1	1	25	50	5000	10010	18	18	15	5	1
60011	60011	0	2	5	70002	100	240	60012	104	1	303	3	400	5	-1	-1	1	25	50	5000	10011	18	18	15	10	1
60012	60012	0	3	5	70002	200	360	60013	104	1	303	3	400	5	-1	-1	1	25	50	5000	10012	18	18	15	20	1
60013	60013	0	4	5	70002	300	480	60014	104	1	303	3	400	5	-1	-1	1	25	50	5000	10013	18	18	15	40	1
60014	60014	0	5	5	70002	-1	600	-1	104	1	303	3	400	5	-1	-1	1	25	50	5000	10014	18	18	15	80	1
60015	60015	0	1	5	70003	50	120	60016	202	1	106	3	101	5	-1	-1	1	25	50	5000	10015	13	13	10	5	1
60016	60016	0	2	5	70003	100	240	60017	202	1	106	3	101	5	-1	-1	1	25	50	5000	10016	13	13	10	10	1
60017	60017	0	3	5	70003	200	360	60018	202	1	106	3	101	5	-1	-1	1	25	50	5000	10017	13	13	10	20	1
60018	60018	0	4	5	70003	300	480	60019	202	1	106	3	101	5	-1	-1	1	25	50	5000	10018	13	13	10	40	1
60019	60019	0	5	5	70003	-1	600	-1	202	1	106	3	101	5	-1	-1	1	25	50	5000	10019	13	13	10	80	1
60020	60020	0	1	5	70004	50	120	60021	302	1	102	3	103	5	-1	-1	1	25	50	5000	10020	18	18	18	5	1
60021	60021	0	2	5	70004	100	240	60022	302	1	102	3	103	5	-1	-1	1	25	50	5000	10021	18	18	18	10	1
60022	60022	0	3	5	70004	200	360	60023	302	1	102	3	103	5	-1	-1	1	25	50	5000	10022	18	18	18	20	1
60023	60023	0	4	5	70004	300	480	60024	302	1	102	3	103	5	-1	-1	1	25	50	5000	10023	18	18	18	40	1
60024	60024	0	5	5	70004	-1	600	-1	302	1	102	3	103	5	-1	-1	1	25	50	5000	10024	18	18	18	80	1
60025	60025	0	1	5	70005	50	120	60026	104	1	101	3	103	5	-1	-1	1	25	50	5000	10025	15	16	18	5	1
60026	60026	0	2	5	70005	100	240	60027	104	1	101	3	103	5	-1	-1	1	25	50	5000	10026	15	16	18	10	1
60027	60027	0	3	5	70005	200	360	60028	104	1	101	3	103	5	-1	-1	1	25	50	5000	10027	15	16	18	20	1
60028	60028	0	4	5	70005	300	480	60029	104	1	101	3	103	5	-1	-1	1	25	50	5000	10028	15	16	18	40	1
60029	60029	0	5	5	70005	-1	600	-1	104	1	101	3	103	5	-1	-1	1	25	50	5000	10029	15	13	13	80	1
60030	60030	4	1	5	70006	50	120	60031	102	1	200	3	300	5	-1	-1	1	25	50	5000	10030	0	13	13	5	1
60031	60031	4	2	5	70006	100	240	60032	102	1	200	3	300	5	-1	-1	1	25	50	5000	10031	0	13	13	10	1
60032	60032	4	3	5	70006	200	360	60033	102	1	200	3	300	5	-1	-1	1	25	50	5000	10032	0	13	13	20	1
60033	60033	4	4	5	70006	300	480	60034	102	1	200	3	300	5	-1	-1	1	25	50	5000	10033	0	13	13	40	1
60034	60034	4	5	5	70006	-1	600	-1	102	1	200	3	300	5	-1	-1	1	25	50	5000	10034	0	13	10	80	1
60035	60035	2	1	5	70007	50	120	60036	105	1	202	3	106	5	-1	-1	1	25	50	5000	10035	13	13	10	5	1
60036	60036	2	2	5	70007	100	240	60037	105	1	202	3	106	5	-1	-1	1	25	50	5000	10036	13	13	10	10	1
60037	60037	2	3	5	70007	200	360	60038	105	1	202	3	106	5	-1	-1	1	25	50	5000	10037	13	13	10	20	1
60038	60038	2	4	5	70007	300	480	60039	105	1	202	3	106	5	-1	-1	1	25	50	5000	10038	13	13	13	40	1
60039	60039	2	5	5	70007	-1	600	-1	105	1	202	3	106	5	-1	-1	1	25	50	5000	10039	13	13	13	80	1
60040	60040	2	1	5	70008	50	120	60041	205	1	105	3	106	5	-1	-1	1	25	50	5000	10040	13	13	13	5	1
60041	60041	2	2	5	70008	100	240	60042	205	1	105	3	106	5	-1	-1	1	25	50	5000	10041	13	13	13	10	1
60042	60042	2	3	5	70008	200	360	60043	205	1	105	3	106	5	-1	-1	1	25	50	5000	10042	13	13	13	20	1
60043	60043	2	4	5	70008	300	480	60044	205	1	105	3	106	5	-1	-1	1	25	50	5000	10043	13	13	13	40	1
60044	60044	2	5	5	70008	-1	600	-1	205	1	105	3	106	5	-1	-1	1	25	50	5000	10044	13	13	13	80	1
60045	60045	2	1	5	70009	50	120	60046	402	1	102	3	304	5	-1	-1	1	25	50	5000	10045	13	13	13	5	0
60046	60046	2	2	5	70009	100	240	60047	402	1	102	3	304	5	-1	-1	1	25	50	5000	10046	13	13	13	10	0
60047	60047	2	3	5	70009	200	360	60048	402	1	102	3	304	5	-1	-1	1	25	50	5000	10047	13	13	14	20	0
60048	60048	2	4	5	70009	300	480	60049	402	1	102	3	304	5	-1	-1	1	25	50	5000	10048	13	13	14	40	0
60049	60049	2	5	5	70009	-1	600	-1	402	1	102	3	304	5	-1	-1	1	25	50	5000	10049	13	13	14	80	0
60050	60050	4	1	5	70010	50	120	60051	300	1	102	3	207	5	-1	-1	1	25	50	5000	10050	13	13	14	5	0
60051	60051	4	2	5	70010	100	240	60052	300	1	102	3	207	5	-1	-1	1	25	50	5000	10051	13	13	14	10	0
60052	60052	4	3	5	70010	200	360	60053	300	1	102	3	207	5	-1	-1	1	25	50	5000	10052	13	10	13	20	0
60053	60053	4	4	5	70010	300	480	60054	300	1	102	3	207	5	-1	-1	1	25	50	5000	10053	13	10	13	40	0
60054	60054	4	5	5	70010	-1	600	-1	300	1	102	3	207	5	-1	-1	1	25	50	5000	10054	13	10	13	80	0
60055	60055	3	1	5	70011	50	120	60056	102	1	302	3	402	5	-1	-1	1	25	50	5000	10055	13	10	13	5	0
60056	60056	3	2	5	70011	100	240	60057	102	1	302	3	402	5	-1	-1	1	25	50	5000	10056	13	10	13	10	0
60057	60057	3	3	5	70011	200	360	60058	102	1	302	3	402	5	-1	-1	1	25	50	5000	10057	13	10	13	20	0
60058	60058	3	4	5	70011	300	480	60059	102	1	302	3	402	5	-1	-1	1	25	50	5000	10058	13	10	13	40	0
60059	60059	3	5	5	70011	-1	600	-1	102	1	302	3	402	5	-1	-1	1	25	50	5000	10059	13	10	13	80	0
60060	60060	3	1	5	70012	50	120	60061	104	1	401	3	201	5	-1	-1	1	25	50	5000	10060	13	13	10	5	1
60061	60061	3	2	5	70012	100	240	60062	104	1	401	3	201	5	-1	-1	1	25	50	5000	10061	13	13	10	10	1
60062	60062	3	3	5	70012	200	360	60063	104	1	401	3	201	5	-1	-1	1	25	50	5000	10062	13	13	10	20	1
60063	60063	3	4	5	70012	300	480	60064	104	1	401	3	201	5	-1	-1	1	25	50	5000	10063	13	13	10	40	1
60064	60064	3	5	5	70012	-1	600	-1	104	1	401	3	201	5	-1	-1	1	25	50	5000	10064	13	13	10	80	1
60065	60065	3	1	5	70013	50	120	60066	101	1	100	3	202	5	-1	-1	1	25	50	5000	10065	13	13	14	5	1
60066	60066	3	2	5	70013	100	240	60067	101	1	100	3	202	5	-1	-1	1	25	50	5000	10066	13	13	14	10	1
60067	60067	3	3	5	70013	200	360	60068	101	1	100	3	202	5	-1	-1	1	25	50	5000	10067	13	13	14	20	1
60068	60068	3	4	5	70013	300	480	60069	101	1	100	3	202	5	-1	-1	1	25	50	5000	10068	13	13	14	40	1
60069	60069	3	5	5	70013	-1	600	-1	101	1	100	3	202	5	-1	-1	1	25	50	5000	10069	13	13	14	80	1
60070	60070	3	1	5	70014	50	120	60071	304	1	207	3	403	5	-1	-1	1	25	50	5000	10070	13	16	19	5	0
60071	60071	3	2	5	70014	100	240	60072	304	1	207	3	403	5	-1	-1	1	25	50	5000	10071	13	16	19	10	0
60072	60072	3	3	5	70014	200	360	60073	304	1	207	3	403	5	-1	-1	1	25	50	5000	10072	13	16	19	20	0
60073	60073	3	4	5	70014	300	480	60074	304	1	207	3	403	5	-1	-1	1	25	50	5000	10073	13	16	19	40	0
60074	60074	3	5	5	70014	-1	600	-1	304	1	207	3	403	5	-1	-1	1	25	50	5000	10074	13	16	19	80	0
60075	60075	1	1	5	70015	50	120	60076	102	1	300	3	401	5	-1	-1	1	25	50	5000	10075	15	18	18	5	1
60076	60076	1	2	5	70015	100	240	60077	102	1	300	3	401	5	-1	-1	1	25	50	5000	10076	15	18	18	10	1
60077	60077	1	3	5	70015	200	360	60078	102	1	300	3	401	5	-1	-1	1	25	50	5000	10077	15	18	18	20	1
60078	60078	1	4	5	70015	300	480	60079	102	1	300	3	401	5	-1	-1	1	25	50	5000	10078	15	18	18	40	1
60079	60079	1	5	5	70015	-1	600	-1	102	1	300	3	401	5	-1	-1	1	25	50	5000	10079	15	18	18	80	1
60080	60080	1	1	5	70016	50	120	60081	104	1	106	3	403	5	-1	-1	1	25	50	5000	10080	18	13	13	5	1
60081	60081	1	2	5	70016	100	240	60082	104	1	106	3	403	5	-1	-1	1	25	50	5000	10081	18	13	13	10	1
60082	60082	1	3	5	70016	200	360	60083	104	1	106	3	403	5	-1	-1	1	25	50	5000	10082	18	13	13	20	1
60083	60083	1	4	5	70016	300	480	60084	104	1	106	3	403	5	-1	-1	1	25	50	5000	10083	18	13	13	40	1
60084	60084	1	5	5	70016	-1	600	-1	104	1	106	3	403	5	-1	-1	1	25	50	5000	10084	18	13	13	80	1
60085	60085	1	1	5	70017	50	120	60086	206	1	104	3	401	5	-1	-1	1	25	50	5000	10085	13	18	19	5	1
60086	60086	1	2	5	70017	100	240	60087	206	1	104	3	401	5	-1	-1	1	25	50	5000	10086	13	18	19	10	1
60087	60087	1	3	5	70017	200	360	60088	206	1	104	3	401	5	-1	-1	1	25	50	5000	10087	13	18	19	20	1
60088	60088	1	4	5	70017	300	480	60089	206	1	104	3	401	5	-1	-1	1	25	50	5000	10088	13	18	19	40	1
60089	60089	1	5	5	70017	-1	600	-1	206	1	104	3	401	5	-1	-1	1	25	50	5000	10089	13	18	19	80	1
60090	60090	1	1	5	70018	50	120	60091	103	1	302	3	207	5	-1	-1	1	25	50	5000	10090	18	13	13	5	0
60091	60091	1	2	5	70018	100	240	60092	103	1	302	3	207	5	-1	-1	1	25	50	5000	10091	18	13	13	10	0
60092	60092	1	3	5	70018	200	360	60093	103	1	302	3	207	5	-1	-1	1	25	50	5000	10092	18	13	13	20	0
60093	60093	1	4	5	70018	300	480	60094	103	1	302	3	207	5	-1	-1	1	25	50	5000	10093	18	13	13	40	0
60094	60094	1	5	5	70018	-1	600	-1	103	1	302	3	207	5	-1	-1	1	25	50	5000	10094	18	13	13	80	0
60095	60095	2	1	5	70019	50	120	60096	104	1	100	3	106	5	-1	-1	1	25	50	5000	10095	10	18	18	5	1
60096	60096	2	2	5	70019	100	240	60097	104	1	100	3	106	5	-1	-1	1	25	50	5000	10096	10	18	18	10	1
60097	60097	2	3	5	70019	200	360	60098	104	1	100	3	106	5	-1	-1	1	25	50	5000	10097	10	18	18	20	1
60098	60098	2	4	5	70019	300	480	60099	104	1	100	3	106	5	-1	-1	1	25	50	5000	10098	10	18	18	40	1
60099	60099	2	5	5	70019	-1	600	-1	104	1	100	3	106	5	-1	-1	1	25	50	5000	10099	10	18	18	80	1
60100	60100	5	1	5	70020	50	120	60101	100	1	305	3	403	5	-1	-1	1	25	50	5000	10100	15	13	13	5	1
60101	60101	5	2	5	70020	100	240	60102	100	1	305	3	403	5	-1	-1	1	25	50	5000	10101	15	13	13	10	1
60102	60102	5	3	5	70020	200	360	60103	100	1	305	3	403	5	-1	-1	1	25	50	5000	10102	15	13	13	20	1
60103	60103	5	4	5	70020	300	480	60104	100	1	305	3	403	5	-1	-1	1	25	50	5000	10103	15	13	13	40	1
60104	60104	5	5	5	70020	-1	600	-1	100	1	305	3	403	5	-1	-1	1	25	50	5000	10104	15	13	13	80	1
60105	60105	2	1	5	70021	50	120	60106	100	1	101	3	200	5	-1	-1	1	25	50	5000	10105	1	15	18	5	1
60106	60106	2	2	5	70021	100	240	60107	100	1	101	3	200	5	-1	-1	1	25	50	5000	10106	1	15	18	10	1
60107	60107	2	3	5	70021	200	360	60108	100	1	101	3	200	5	-1	-1	1	25	50	5000	10107	1	15	18	20	1
60108	60108	2	4	5	70021	300	480	60109	100	1	101	3	200	5	-1	-1	1	25	50	5000	10108	1	15	18	40	1
60109	60109	2	5	5	70021	-1	600	-1	100	1	101	3	200	5	-1	-1	1	25	50	5000	10109	1	15	18	80	1
60110	60110	0	1	5	70022	50	120	60111	103	1	106	3	403	5	-1	-1	1	25	50	5000	10110	18	10	13	5	1
60111	60111	0	2	5	70022	100	240	60112	103	1	106	3	403	5	-1	-1	1	25	50	5000	10111	18	10	13	10	1
60112	60112	0	3	5	70022	200	360	60113	103	1	106	3	403	5	-1	-1	1	25	50	5000	10112	18	10	13	20	1
60113	60113	0	4	5	70022	300	480	60114	103	1	106	3	403	5	-1	-1	1	25	50	5000	10113	18	10	13	40	1
60114	60114	0	5	5	70022	-1	600	-1	103	1	106	3	403	5	-1	-1	1	25	50	5000	10114	18	10	13	80	1
60115	60115	2	1	5	70023	50	120	60116	201	1	100	3	305	5	-1	-1	1	25	50	5000	10115	13	11	13	5	1
60116	60116	2	2	5	70023	100	240	60117	201	1	100	3	305	5	-1	-1	1	25	50	5000	10116	13	11	13	10	1
60117	60117	2	3	5	70023	200	360	60118	201	1	100	3	305	5	-1	-1	1	25	50	5000	10117	13	11	13	20	1
60118	60118	2	4	5	70023	300	480	60119	201	1	100	3	305	5	-1	-1	1	25	50	5000	10118	13	11	13	40	1
60119	60119	2	5	5	70023	-1	600	-1	201	1	100	3	305	5	-1	-1	1	25	50	5000	10119	13	11	13	80	1
60120	60120	5	1	5	70024	50	120	60121	103	1	101	3	203	5	-1	-1	1	25	50	5000	10120	10	16	18	5	1
60121	60121	5	2	5	70024	100	240	60122	103	1	101	3	203	5	-1	-1	1	25	50	5000	10121	10	16	18	10	1
60122	60122	5	3	5	70024	200	360	60123	103	1	101	3	203	5	-1	-1	1	25	50	5000	10122	10	16	18	20	1
60123	60123	5	4	5	70024	300	480	60124	103	1	101	3	203	5	-1	-1	1	25	50	5000	10123	10	16	18	40	1
60124	60124	5	5	5	70024	-1	600	-1	103	1	101	3	203	5	-1	-1	1	25	50	5000	10124	10	16	18	80	1
60125	60125	5	1	5	70025	50	120	60126	301	1	203	3	302	5	-1	-1	1	25	50	5000	10125	15	16	18	5	1
60126	60126	5	2	5	70025	100	240	60127	301	1	203	3	302	5	-1	-1	1	25	50	5000	10126	15	16	18	10	1
60127	60127	5	3	5	70025	200	360	60128	301	1	203	3	302	5	-1	-1	1	25	50	5000	10127	15	16	18	20	1
60128	60128	5	4	5	70025	300	480	60129	301	1	203	3	302	5	-1	-1	1	25	50	5000	10128	15	16	18	40	1
60129	60129	5	5	5	70025	-1	600	-1	301	1	203	3	302	5	-1	-1	1	25	50	5000	10129	15	16	18	80	1
60130	60130	5	1	5	70026	50	120	60131	400	1	203	3	104	5	-1	-1	1	25	50	5000	10130	15	16	18	5	1
60131	60131	5	2	5	70026	100	240	60132	400	1	203	3	104	5	-1	-1	1	25	50	5000	10131	15	16	18	10	1
60132	60132	5	3	5	70026	200	360	60133	400	1	203	3	104	5	-1	-1	1	25	50	5000	10132	15	16	18	20	1
60133	60133	5	4	5	70026	300	480	60134	400	1	203	3	104	5	-1	-1	1	25	50	5000	10133	15	16	18	40	1
60134	60134	5	5	5	70026	-1	600	-1	400	1	203	3	104	5	-1	-1	1	25	50	5000	10134	15	16	18	80	1
60135	60135	5	1	5	70027	50	120	60136	304	1	106	3	301	5	-1	-1	1	25	50	5000	10135	15	11	14	5	1
60136	60136	5	2	5	70027	100	240	60137	304	1	106	3	301	5	-1	-1	1	25	50	5000	10136	15	11	14	10	1
60137	60137	5	3	5	70027	200	360	60138	304	1	106	3	301	5	-1	-1	1	25	50	5000	10137	15	11	14	20	1
60138	60138	5	4	5	70027	300	480	60139	304	1	106	3	301	5	-1	-1	1	25	50	5000	10138	15	11	14	40	1
60139	60139	5	5	5	70027	-1	600	-1	304	1	106	3	301	5	-1	-1	1	25	50	5000	10139	15	11	14	80	1
60140	60140	1	1	5	70028	50	120	60141	204	1	400	3	102	5	-1	-1	1	25	50	5000	10140	10	11	14	5	1
60141	60141	1	2	5	70028	100	240	60142	204	1	400	3	102	5	-1	-1	1	25	50	5000	10141	10	11	14	10	1
60142	60142	1	3	5	70028	200	360	60143	204	1	400	3	102	5	-1	-1	1	25	50	5000	10142	10	11	14	20	1
60143	60143	1	4	5	70028	300	480	60144	204	1	400	3	102	5	-1	-1	1	25	50	5000	10143	10	11	14	40	1
60144	60144	1	5	5	70028	-1	600	-1	204	1	400	3	102	5	-1	-1	1	25	50	5000	10144	10	11	14	80	1
60145	60145	1	1	5	70029	50	120	60146	104	1	402	3	204	5	-1	-1	1	25	50	5000	10145	10	16	19	5	1
60146	60146	1	2	5	70029	100	240	60147	104	1	402	3	204	5	-1	-1	1	25	50	5000	10146	10	16	19	10	1
60147	60147	1	3	5	70029	200	360	60148	104	1	402	3	204	5	-1	-1	1	25	50	5000	10147	10	16	19	20	1
60148	60148	1	4	5	70029	300	480	60149	104	1	402	3	204	5	-1	-1	1	25	50	5000	10148	10	16	19	40	1
60149	60149	1	5	5	70029	-1	600	-1	104	1	402	3	204	5	-1	-1	1	25	50	5000	10149	10	16	19	80	1
60150	60150	0	1	5	70030	50	120	60151	105	1	204	3	303	5	-1	-1	1	25	50	5000	10150	15	16	19	5	1
60151	60151	0	2	5	70030	100	240	60152	105	1	204	3	303	5	-1	-1	1	25	50	5000	10151	15	16	19	10	1
60152	60152	0	3	5	70030	200	360	60153	105	1	204	3	303	5	-1	-1	1	25	50	5000	10152	15	16	19	20	1
60153	60153	0	4	5	70030	300	480	60154	105	1	204	3	303	5	-1	-1	1	25	50	5000	10153	15	16	19	40	1
60154	60154	0	5	5	70030	-1	600	-1	105	1	204	3	303	5	-1	-1	1	25	50	5000	10154	15	16	19	80	1
60155	60155	1	1	5	70031	50	120	60156	204	1	303	3	403	5	-1	-1	1	25	50	5000	10155	15	13	13	5	1
60156	60156	1	2	5	70031	100	240	60157	204	1	303	3	403	5	-1	-1	1	25	50	5000	10156	15	13	13	10	1
60157	60157	1	3	5	70031	200	360	60158	204	1	303	3	403	5	-1	-1	1	25	50	5000	10157	15	13	13	20	1
60158	60158	1	4	5	70031	300	480	60159	204	1	303	3	403	5	-1	-1	1	25	50	5000	10158	15	13	13	40	1
60159	60159	1	5	5	70031	-1	600	-1	204	1	303	3	403	5	-1	-1	1	25	50	5000	10159	15	13	13	80	1
60160	60160	0	1	5	70032	50	120	60161	402	1	303	3	205	5	-1	-1	1	25	50	5000	10160	13	18	18	5	1
60161	60161	0	2	5	70032	100	240	60162	402	1	303	3	205	5	-1	-1	1	25	50	5000	10161	13	18	18	10	1
60162	60162	0	3	5	70032	200	360	60163	402	1	303	3	205	5	-1	-1	1	25	50	5000	10162	13	18	18	20	1
60163	60163	0	4	5	70032	300	480	60164	402	1	303	3	205	5	-1	-1	1	25	50	5000	10163	13	18	18	40	1
60164	60164	0	5	5	70032	-1	600	-1	402	1	303	3	205	5	-1	-1	1	25	50	5000	10164	13	18	18	80	1
60165	60165	0	1	5	70033	50	120	60166	105	1	305	3	205	5	-1	-1	1	25	50	5000	10165	18	18	18	5	1
60166	60166	0	2	5	70033	100	240	60167	105	1	305	3	205	5	-1	-1	1	25	50	5000	10166	18	18	18	10	1
60167	60167	0	3	5	70033	200	360	60168	105	1	305	3	205	5	-1	-1	1	25	50	5000	10167	18	18	18	20	1
60168	60168	0	4	5	70033	300	480	60169	105	1	305	3	205	5	-1	-1	1	25	50	5000	10168	18	18	18	40	1
60169	60169	0	5	5	70033	-1	600	-1	105	1	305	3	205	5	-1	-1	1	25	50	5000	10169	18	18	18	80	1
60170	60170	0	1	5	70034	50	120	60171	105	1	206	3	304	5	-1	-1	1	25	50	5000	10170	18	13	13	5	1
60171	60171	0	2	5	70034	100	240	60172	105	1	206	3	304	5	-1	-1	1	25	50	5000	10171	18	13	13	10	1
60172	60172	0	3	5	70034	200	360	60173	105	1	206	3	304	5	-1	-1	1	25	50	5000	10172	18	13	13	20	1
60173	60173	0	4	5	70034	300	480	60174	105	1	206	3	304	5	-1	-1	1	25	50	5000	10173	18	13	13	40	1
60174	60174	0	5	5	70034	-1	600	-1	105	1	206	3	304	5	-1	-1	1	25	50	5000	10174	18	13	13	80	1
60175	60175	1	1	5	70035	50	120	60176	206	1	300	3	101	5	-1	-1	1	25	50	5000	10175	13	13	14	5	1
60176	60176	1	2	5	70035	100	240	60177	206	1	300	3	101	5	-1	-1	1	25	50	5000	10176	13	13	14	10	1
60177	60177	1	3	5	70035	200	360	60178	206	1	300	3	101	5	-1	-1	1	25	50	5000	10177	13	13	14	20	1
60178	60178	1	4	5	70035	300	480	60179	206	1	300	3	101	5	-1	-1	1	25	50	5000	10178	13	13	14	40	1
60179	60179	1	5	5	70035	-1	600	-1	206	1	300	3	101	5	-1	-1	1	25	50	5000	10179	13	13	14	80	1
60180	60180	4	1	5	70036	50	120	60181	207	1	104	3	105	5	-1	-1	1	25	50	5000	10180	13	18	19	5	0
60181	60181	4	2	5	70036	100	240	60182	207	1	104	3	105	5	-1	-1	1	25	50	5000	10181	13	18	19	10	0
60182	60182	4	3	5	70036	200	360	60183	207	1	104	3	105	5	-1	-1	1	25	50	5000	10182	13	18	19	20	0
60183	60183	4	4	5	70036	300	480	60184	207	1	104	3	105	5	-1	-1	1	25	50	5000	10183	13	18	19	40	0
60184	60184	4	5	5	70036	-1	600	-1	207	1	104	3	105	5	-1	-1	1	25	50	5000	10184	13	18	19	80	0
60185	60185	1	1	5	70037	50	120	60186	207	1	303	3	100	5	-1	-1	1	25	50	5000	10185	18	18	18	5	0
60186	60186	1	2	5	70037	100	240	60187	207	1	303	3	100	5	-1	-1	1	25	50	5000	10186	18	18	18	10	0
60187	60187	1	3	5	70037	200	360	60188	207	1	303	3	100	5	-1	-1	1	25	50	5000	10187	18	18	18	20	0
60188	60188	1	4	5	70037	300	480	60189	207	1	303	3	100	5	-1	-1	1	25	50	5000	10188	18	18	18	40	0
60189	60189	1	5	5	70037	-1	600	-1	207	1	303	3	100	5	-1	-1	1	25	50	5000	10189	18	18	18	80	0
60190	60190	2	1	5	70038	50	120	60191	105	1	103	3	400	5	-1	-1	1	25	50	5000	10190	15	18	18	5	1
60191	60191	2	2	5	70038	100	240	60192	105	1	103	3	400	5	-1	-1	1	25	50	5000	10191	15	18	18	10	1
60192	60192	2	3	5	70038	200	360	60193	105	1	103	3	400	5	-1	-1	1	25	50	5000	10192	15	18	18	20	1
60193	60193	2	4	5	70038	300	480	60194	105	1	103	3	400	5	-1	-1	1	25	50	5000	10193	15	18	18	40	1
60194	60194	2	5	5	70038	-1	600	-1	105	1	103	3	400	5	-1	-1	1	25	50	5000	10194	15	18	18	80	1
60195	60195	2	1	5	70039	50	120	60196	200	1	104	3	101	5	-1	-1	1	25	50	5000	10195	15	18	18	5	1
60196	60196	2	2	5	70039	100	240	60197	200	1	104	3	101	5	-1	-1	1	25	50	5000	10196	15	18	18	10	1
60197	60197	2	3	5	70039	200	360	60198	200	1	104	3	101	5	-1	-1	1	25	50	5000	10197	15	18	18	20	1
60198	60198	2	4	5	70039	300	480	60199	200	1	104	3	101	5	-1	-1	1	25	50	5000	10198	15	18	18	40	1
60199	60199	2	5	5	70039	-1	600	-1	200	1	104	3	101	5	-1	-1	1	25	50	5000	10199	15	18	18	80	1
60200	60200	0	1	5	70040	50	120	60201	102	1	104	3	302	5	-1	-1	1	25	50	5000	10200	15	13	13	5	1
60201	60201	0	2	5	70040	100	240	60202	102	1	104	3	302	5	-1	-1	1	25	50	5000	10201	15	13	13	10	1
60202	60202	0	3	5	70040	200	360	60203	102	1	104	3	302	5	-1	-1	1	25	50	5000	10202	15	13	13	20	1
60203	60203	0	4	5	70040	300	480	60204	102	1	104	3	302	5	-1	-1	1	25	50	5000	10203	15	13	13	40	1
60204	60204	0	5	5	70040	-1	600	-1	102	1	104	3	302	5	-1	-1	1	25	50	5000	10204	15	13	13	80	1
60205	60205	4	1	5	70041	50	120	60206	200	1	401	3	304	5	-1	-1	1	25	50	5000	10205	10	15	18	5	1
60206	60206	4	2	5	70041	100	240	60207	200	1	401	3	304	5	-1	-1	1	25	50	5000	10206	10	15	18	10	1
60207	60207	4	3	5	70041	200	360	60208	200	1	401	3	304	5	-1	-1	1	25	50	5000	10207	10	15	18	20	1
60208	60208	4	4	5	70041	300	480	60209	200	1	401	3	304	5	-1	-1	1	25	50	5000	10208	10	15	18	40	1
60209	60209	4	5	5	70041	-1	600	-1	200	1	401	3	304	5	-1	-1	1	25	50	5000	10209	10	15	18	80	1
60210	60210	0	1	5	70042	50	120	60211	100	1	102	3	106	5	-1	-1	1	25	50	5000	10210	18	15	18	5	1
60211	60211	0	2	5	70042	100	240	60212	100	1	102	3	106	5	-1	-1	1	25	50	5000	10211	18	15	18	10	1
60212	60212	0	3	5	70042	200	360	60213	100	1	102	3	106	5	-1	-1	1	25	50	5000	10212	18	15	18	20	1
60213	60213	0	4	5	70042	300	480	60214	100	1	102	3	106	5	-1	-1	1	25	50	5000	10213	18	15	18	40	1
60214	60214	0	5	5	70042	-1	600	-1	100	1	102	3	106	5	-1	-1	1	25	50	5000	10214	18	15	18	80	1
60215	60215	2	1	5	70043	50	120	60216	103	1	101	3	301	5	-1	-1	1	25	50	5000	10215	18	15	18	5	1
60216	60216	2	2	5	70043	100	240	60217	103	1	101	3	301	5	-1	-1	1	25	50	5000	10216	18	15	18	10	1
60217	60217	2	3	5	70043	200	360	60218	103	1	101	3	301	5	-1	-1	1	25	50	5000	10217	18	15	18	20	1
60218	60218	2	4	5	70043	300	480	60219	103	1	101	3	301	5	-1	-1	1	25	50	5000	10218	18	15	18	40	1
60219	60219	2	5	5	70043	-1	600	-1	103	1	101	3	301	5	-1	-1	1	25	50	5000	10219	18	15	18	80	1
60220	60220	0	1	5	70044	50	120	60221	102	1	201	3	106	5	-1	-1	1	25	50	5000	10220	18	13	10	5	1
60221	60221	0	2	5	70044	100	240	60222	102	1	201	3	106	5	-1	-1	1	25	50	5000	10221	18	13	10	10	1
60222	60222	0	3	5	70044	200	360	60223	102	1	201	3	106	5	-1	-1	1	25	50	5000	10222	18	13	10	20	1
60223	60223	0	4	5	70044	300	480	60224	102	1	201	3	106	5	-1	-1	1	25	50	5000	10223	18	13	10	40	1
60224	60224	0	5	5	70044	-1	600	-1	102	1	201	3	106	5	-1	-1	1	25	50	5000	10224	18	13	10	80	1
60225	60225	0	1	5	70045	50	120	60226	202	1	104	3	304	5	-1	-1	1	25	50	5000	10225	13	18	15	5	1
60226	60226	0	2	5	70045	100	240	60227	202	1	104	3	304	5	-1	-1	1	25	50	5000	10226	13	18	15	10	1
60227	60227	0	3	5	70045	200	360	60228	202	1	104	3	304	5	-1	-1	1	25	50	5000	10227	13	18	15	20	1
60228	60228	0	4	5	70045	300	480	60229	202	1	104	3	304	5	-1	-1	1	25	50	5000	10228	13	18	15	40	1
60229	60229	0	5	5	70045	-1	600	-1	202	1	104	3	304	5	-1	-1	1	25	50	5000	10229	13	18	15	80	1
60230	60230	0	1	5	70046	50	120	60231	105	1	403	3	305	5	-1	-1	1	25	50	5000	10230	18	13	10	5	1
60231	60231	0	2	5	70046	100	240	60232	105	1	403	3	305	5	-1	-1	1	25	50	5000	10231	18	13	10	10	1
60232	60232	0	3	5	70046	200	360	60233	105	1	403	3	305	5	-1	-1	1	25	50	5000	10232	18	13	10	20	1
60233	60233	0	4	5	70046	300	480	60234	105	1	403	3	305	5	-1	-1	1	25	50	5000	10233	18	13	10	40	1
60234	60234	0	5	5	70046	-1	600	-1	105	1	403	3	305	5	-1	-1	1	25	50	5000	10234	18	13	10	80	1
60235	60235	0	1	5	70047	50	120	60236	103	1	100	3	402	5	-1	-1	1	25	50	5000	10235	13	16	18	5	1
60236	60236	0	2	5	70047	100	240	60237	103	1	100	3	402	5	-1	-1	1	25	50	5000	10236	13	16	18	10	1
60237	60237	0	3	5	70047	200	360	60238	103	1	100	3	402	5	-1	-1	1	25	50	5000	10237	13	16	18	20	1
60238	60238	0	4	5	70047	300	480	60239	103	1	100	3	402	5	-1	-1	1	25	50	5000	10238	13	16	18	40	1
60239	60239	0	5	5	70047	-1	600	-1	103	1	100	3	402	5	-1	-1	1	25	50	5000	10239	13	16	18	80	1
60240	60240	5	1	5	70048	50	120	60241	203	1	102	3	401	5	-1	-1	1	25	50	5000	10240	15	16	18	5	1
60241	60241	5	2	5	70048	100	240	60242	203	1	102	3	401	5	-1	-1	1	25	50	5000	10241	15	16	18	10	1
60242	60242	5	3	5	70048	200	360	60243	203	1	102	3	401	5	-1	-1	1	25	50	5000	10242	15	16	18	20	1
60243	60243	5	4	5	70048	300	480	60244	203	1	102	3	401	5	-1	-1	1	25	50	5000	10243	15	16	18	40	1
60244	60244	5	5	5	70048	-1	600	-1	203	1	102	3	401	5	-1	-1	1	25	50	5000	10244	15	16	18	80	1
60245	60245	5	1	5	70049	50	120	60246	101	1	302	3	102	5	-1	-1	1	25	50	5000	10245	15	16	18	5	0
60246	60246	5	2	5	70049	100	240	60247	101	1	302	3	102	5	-1	-1	1	25	50	5000	10246	15	16	18	10	0
60247	60247	5	3	5	70049	200	360	60248	101	1	302	3	102	5	-1	-1	1	25	50	5000	10247	15	16	18	20	0
60248	60248	5	4	5	70049	300	480	60249	101	1	302	3	102	5	-1	-1	1	25	50	5000	10248	15	16	18	40	0
60249	60249	5	5	5	70049	-1	600	-1	101	1	302	3	102	5	-1	-1	1	25	50	5000	10249	15	16	18	80	0
60250	60250	2	1	5	70050	50	120	60251	106	1	100	3	402	5	-1	-1	1	25	50	5000	10250	15	16	18	5	1
60251	60251	2	2	5	70050	100	240	60252	106	1	100	3	402	5	-1	-1	1	25	50	5000	10251	15	16	18	10	1
60252	60252	2	3	5	70050	200	360	60253	106	1	100	3	402	5	-1	-1	1	25	50	5000	10252	15	16	18	20	1
60253	60253	2	4	5	70050	300	480	60254	106	1	100	3	402	5	-1	-1	1	25	50	5000	10253	15	16	18	40	1
60254	60254	2	5	5	70050	-1	600	-1	106	1	100	3	402	5	-1	-1	1	25	50	5000	10254	15	16	18	80	1
60255	60255	0	1	5	70051	50	120	60256	203	1	305	3	105	5	-1	-1	1	25	50	5000	10255	15	11	13	5	1
60256	60256	0	2	5	70051	100	240	60257	203	1	305	3	105	5	-1	-1	1	25	50	5000	10256	15	11	13	10	1
60257	60257	0	3	5	70051	200	360	60258	203	1	305	3	105	5	-1	-1	1	25	50	5000	10257	15	11	13	20	1
60258	60258	0	4	5	70051	300	480	60259	203	1	305	3	105	5	-1	-1	1	25	50	5000	10258	15	11	13	40	1
60259	60259	0	5	5	70051	-1	600	-1	203	1	305	3	105	5	-1	-1	1	25	50	5000	10259	15	11	13	80	1
60260	60260	2	1	5	70052	50	120	60261	100	1	400	3	300	5	-1	-1	1	25	50	5000	10260	10	16	18	5	1
60261	60261	2	2	5	70052	100	240	60262	100	1	400	3	300	5	-1	-1	1	25	50	5000	10261	10	16	18	10	1
60262	60262	2	3	5	70052	200	360	60263	100	1	400	3	300	5	-1	-1	1	25	50	5000	10262	10	16	18	20	1
60263	60263	2	4	5	70052	300	480	60264	100	1	400	3	300	5	-1	-1	1	25	50	5000	10263	10	16	18	40	1
60264	60264	2	5	5	70052	-1	600	-1	100	1	400	3	300	5	-1	-1	1	25	50	5000	10264	10	15	18	80	1
60265	60265	5	1	5	70053	50	120	60266	203	1	101	3	403	5	-1	-1	1	25	50	5000	10265	15	15	18	5	1
60266	60266	5	2	5	70053	100	240	60267	203	1	101	3	403	5	-1	-1	1	25	50	5000	10266	15	15	18	10	1
60267	60267	5	3	5	70053	200	360	60268	203	1	101	3	403	5	-1	-1	1	25	50	5000	10267	15	15	18	20	1
60268	60268	5	4	5	70053	300	480	60269	203	1	101	3	403	5	-1	-1	1	25	50	5000	10268	15	15	18	40	1
60269	60269	5	5	5	70053	-1	600	-1	203	1	101	3	403	5	-1	-1	1	25	50	5000	10269	15	18	18	80	1
60270	60270	1	1	5	70054	50	120	60271	103	1	304	3	105	5	-1	-1	1	25	50	5000	10270	10	18	18	5	1
60271	60271	1	2	5	70054	100	240	60272	103	1	304	3	105	5	-1	-1	1	25	50	5000	10271	10	18	18	10	1
60272	60272	1	3	5	70054	200	360	60273	103	1	304	3	105	5	-1	-1	1	25	50	5000	10272	10	18	18	20	1
60273	60273	1	4	5	70054	300	480	60274	103	1	304	3	105	5	-1	-1	1	25	50	5000	10273	10	18	18	40	1
60274	60274	1	5	5	70054	-1	600	-1	103	1	304	3	105	5	-1	-1	1	25	50	5000	10274	10	18	15	80	1
60275	60275	1	1	5	70055	50	120	60276	105	1	300	3	103	5	-1	-1	1	25	50	5000	10275	15	18	15	5	1
60276	60276	1	2	5	70055	100	240	60277	105	1	300	3	103	5	-1	-1	1	25	50	5000	10276	15	18	15	10	1
60277	60277	1	3	5	70055	200	360	60278	105	1	300	3	103	5	-1	-1	1	25	50	5000	10277	15	18	15	20	1
60278	60278	1	4	5	70055	300	480	60279	105	1	300	3	103	5	-1	-1	1	25	50	5000	10278	15	18	15	40	1
60279	60279	1	5	5	70055	-1	600	-1	105	1	300	3	103	5	-1	-1	1	25	50	5000	10279	15	13	10	80	1
60280	60280	1	1	5	70056	50	120	60281	301	1	401	3	105	5	-1	-1	1	25	50	5000	10280	10	13	10	5	1
60281	60281	1	2	5	70056	100	240	60282	301	1	401	3	105	5	-1	-1	1	25	50	5000	10281	10	13	10	10	1
60282	60282	1	3	5	70056	200	360	60283	301	1	401	3	105	5	-1	-1	1	25	50	5000	10282	10	13	10	20	1
60283	60283	1	4	5	70056	300	480	60284	301	1	401	3	105	5	-1	-1	1	25	50	5000	10283	10	13	10	40	1
60284	60284	1	5	5	70056	-1	600	-1	301	1	401	3	105	5	-1	-1	1	25	50	5000	10284	10	18	18	80	1
60285	60285	1	1	5	70057	50	120	60286	100	1	205	3	301	5	-1	-1	1	25	50	5000	10285	18	18	18	5	1
60286	60286	1	2	5	70057	100	240	60287	100	1	205	3	301	5	-1	-1	1	25	50	5000	10286	18	18	18	10	1
60287	60287	1	3	5	70057	200	360	60288	100	1	205	3	301	5	-1	-1	1	25	50	5000	10287	18	18	18	20	1
60288	60288	1	4	5	70057	300	480	60289	100	1	205	3	301	5	-1	-1	1	25	50	5000	10288	18	18	18	40	1
60289	60289	1	5	5	70057	-1	600	-1	100	1	205	3	301	5	-1	-1	1	25	50	5000	10289	18	16	18	80	1
60290	60290	1	1	5	70058	50	120	60291	103	1	400	3	106	5	-1	-1	1	25	50	5000	10290	18	16	18	5	1
60291	60291	1	2	5	70058	100	240	60292	103	1	400	3	106	5	-1	-1	1	25	50	5000	10291	18	16	18	10	1
60292	60292	1	3	5	70058	200	360	60293	103	1	400	3	106	5	-1	-1	1	25	50	5000	10292	18	16	18	20	1
60293	60293	1	4	5	70058	300	480	60294	103	1	400	3	106	5	-1	-1	1	25	50	5000	10293	18	16	18	40	1
60294	60294	1	5	5	70058	-1	600	-1	103	1	400	3	106	5	-1	-1	1	25	50	5000	10294	18	13	13	80	1
60295	60295	0	1	5	70059	50	120	60296	101	1	300	3	206	5	-1	-1	1	25	50	5000	10295	18	13	13	5	1
60296	60296	0	2	5	70059	100	240	60297	101	1	300	3	206	5	-1	-1	1	25	50	5000	10296	18	13	13	10	1
60297	60297	0	3	5	70059	200	360	60298	101	1	300	3	206	5	-1	-1	1	25	50	5000	10297	18	13	13	20	1
60298	60298	0	4	5	70059	300	480	60299	101	1	300	3	206	5	-1	-1	1	25	50	5000	10298	18	13	13	40	1
60299	60299	0	5	5	70059	-1	600	-1	101	1	300	3	206	5	-1	-1	1	25	50	5000	10299	18	13	10	80	1
60300	60300	1	1	5	70060	50	120	60301	305	1	301	3	400	5	-1	-1	1	25	50	5000	10300	18	13	10	5	0
60301	60301	1	2	5	70060	100	240	60302	305	1	301	3	400	5	-1	-1	1	25	50	5000	10301	18	13	10	10	0
60302	60302	1	3	5	70060	200	360	60303	305	1	301	3	400	5	-1	-1	1	25	50	5000	10302	18	13	10	20	0
60303	60303	1	4	5	70060	300	480	60304	305	1	301	3	400	5	-1	-1	1	25	50	5000	10303	18	13	10	40	0
60304	60304	1	5	5	70060	-1	600	-1	305	1	301	3	400	5	-1	-1	1	25	50	5000	10304	18	13	13	80	0
60305	60305	1	1	5	70061	50	120	60306	301	1	106	3	401	5	-1	-1	1	25	50	5000	10305	13	13	13	5	0
60306	60306	1	2	5	70061	100	240	60307	301	1	106	3	401	5	-1	-1	1	25	50	5000	10306	13	13	13	10	0
60307	60307	1	3	5	70061	200	360	60308	301	1	106	3	401	5	-1	-1	1	25	50	5000	10307	13	13	13	20	0
60308	60308	1	4	5	70061	300	480	60309	301	1	106	3	401	5	-1	-1	1	25	50	5000	10308	13	13	13	40	0
60309	60309	1	5	5	70061	-1	600	-1	301	1	106	3	401	5	-1	-1	1	25	50	5000	10309	13	13	13	80	0
60310	60310	1	1	5	70062	50	120	60311	402	1	207	3	303	5	-1	-1	1	25	50	5000	10310	18	13	13	5	0
60311	60311	1	2	5	70062	100	240	60312	402	1	207	3	303	5	-1	-1	1	25	50	5000	10311	18	13	13	10	0
60312	60312	1	3	5	70062	200	360	60313	402	1	207	3	303	5	-1	-1	1	25	50	5000	10312	18	13	13	20	0
60313	60313	1	4	5	70062	300	480	60314	402	1	207	3	303	5	-1	-1	1	25	50	5000	10313	18	13	13	40	0
60314	60314	1	5	5	70062	-1	600	-1	402	1	207	3	303	5	-1	-1	1	25	50	5000	10314	18	13	14	80	0
