INT	STRING	STRING	INT	STRING	INT	INT	INT	INT	INT	FLOAT	FLOAT	FLOAT	FLOAT	INT	INT	INT	INT	INT	INT	INT	INT	INT	FLOAT	FLOAT	INT	INT	INT	INT	INT	INT	INT	INT	INT	INT	INT	INT
场景ID	场景名称	资源文件	场景类型	阻挡文件	背景音乐	原地复活	主城复活	主城ID	入口复活	入口坐标X	入口坐标Z	安全坐标X	安全坐标Z	PVP规则	换线	场景内玩家数量上限A	场景内玩家数量上限B	脚本ID	最大宽度	最大长度	索引副本ID	本场景角色可视范围	PVP另一方出生坐标X	PVP另一方出生坐标Z	是否开放	等级限制	传送消耗金币	场景创建规则	相位返回场景ID	是否可召唤魔物	生成是否可以跨服	剑士进入场景获得buff	法师进入场景获得buff	弓手进入场景获得buff	安全区复活CD	是否可以上坐骑
0	改成备用	X_YongZheDaLu01	0	未描述	1000	1	1	1	1	70	55	70	55	0	1	100	120	-1	100	100	-1	10	0	0	0	400	9000	0	-1	1	0	-1	-1	-1	0	1
1	凛冬谷	YW_LinDongGu	0	未描述	1003	1	1	1	1	150	31	150	31	0	1	100	120	-1	170	170	-1	10	0	0	1	45	3000	0	-1	1	0	-1	-1	-1	0	1
2	迷失地宫	DXC_MiShiDiGong	0	未描述	1004	1	1	2	1	96	110	96	110	0	1	100	120	-1	195	195	-1	10	0	0	1	95	4000	0	-1	1	0	-1	-1	-1	0	1
3	玛雅大陆	YW_ShengGuangDaLu	0	未描述	1000	1	1	3	1	43	93	43	93	0	1	100	120	-1	198	198	-1	10	0	0	1	1	2000	0	-1	1	0	-1	-1	-1	0	1
4	祭祀塔	YW_JiSiTa	0	未描述	1006	1	1	4	1	18	52	18	52	0	1	100	120	800000	130	130	-1	10	0	0	1	150	5000	0	-1	1	0	-1	-1	-1	0	1
5	祭雨丛林	YW_JiYuCongLin	0	未描述	1001	1	1	5	1	123	69	123	69	0	1	100	120	-1	150	150	-1	10	0	0	1	1	2000	0	-1	1	0	-1	-1	-1	0	1
6	古遗迹海域	YW_GuYiJiHaiYu	0	未描述	1008	1	1	6	1	32	22	32	22	0	1	100	120	800000	160	160	-1	10	0	0	1	200	6000	0	-1	1	0	-1	-1	-1	0	1
7	暗黑沙域	DXC_AnHeiShaYu	0	未描述	1009	1	1	7	1	49	22	49	22	0	1	100	120	800000	240	240	-1	10	0	0	1	250	7000	0	-1	1	0	-1	-1	-1	0	1
8	天之界	YW_TianZhiJie	0	未描述	1010	1	1	8	1	27	18	27	18	0	1	100	120	-1	160	160	-1	10	0	0	1	300	9000	0	-1	1	0	-1	-1	-1	0	1
9	迷雾森林	YW_MiWuSenLin	0	未描述	1011	1	1	9	1	25	118	25	118	0	1	100	120	-1	140	140	-1	10	0	0	0	350	8000	0	-1	1	0	-1	-1	-1	0	1
10	落日之城	YW_LuoRiZhiCheng	0	未描述	1012	1	1	10	1	53	50	53	50	0	1	100	120	-1	150	150	-1	10	0	0	0	400	9000	0	-1	1	0	-1	-1	-1	0	1
11	太阳神城遗址	YW_TaiYangShenChengYiZhi	0	未描述	1013	1	1	11	1	26	59	26	59	0	1	100	120	-1	180	180	-1	10	0	0	0	450	10000	0	-1	1	0	-1	-1	-1	0	1
12	神陨冰域	YW_JiYuCongLin	0	未描述	1014	1	1	12	1	70	55	70	55	0	1	100	120	-1	100	100	-1	10	0	0	0	500	20000	0	-1	1	0	-1	-1	-1	0	1
13	荒蛮古地	YW_JiYuCongLin	0	未描述	1015	1	1	13	1	70	55	70	55	0	1	100	120	-1	100	100	-1	10	0	0	0	500	20000	0	-1	1	0	-1	-1	-1	0	1
50	吃鸡峡谷	DXC_ChiJiDaZuoZhan	2	未描述	1003	1	1	1	1	150	31	150	31	0	1	100	120	280000	170	170	30000	10	0	0	1	45	3000	1	-1	1	0	-1	-1	-1	0	1
59	吃鸡峡谷	DXC_ChiJiDaZuoZhan	2	未描述	1003	1	1	1	1	150	31	150	31	0	1	100	120	-1	170	170	-1	10	0	0	1	1	3000	1	-1	1	0	-1	-1	-1	0	1
100	暗夜神庙-普通	DXC_XinAnYeShenMiao	2	未描述	1002	1	0	-1	1	40	11	40	11	4	1	5	10	10000	50	50	0	30	0	0	1	1	-1	0	-1	1	0	-1	-1	-1	-1	1
101	暗夜神庙-精英	DXC_XinAnYeShenMiao	2	未描述	1002	1	0	-1	1	40	11	40	11	4	1	5	10	10000	50	50	1	30	0	0	1	1	-1	0	-1	1	0	-1	-1	-1	-1	1
102	暗夜神庙-炼狱	DXC_XinAnYeShenMiao	2	未描述	1002	1	0	-1	1	40	11	40	11	4	1	5	10	10000	50	50	2	30	0	0	1	1	-1	0	-1	1	0	-1	-1	-1	-1	1
103	丛林石窟-普通	DXC_ChongLinShiKu	2	未描述	1017	1	0	-1	1	69	18	69	18	4	1	5	10	10000	90	90	3	11	0	0	1	1	-1	0	-1	1	0	-1	-1	-1	-1	1
104	丛林石窟-精英	DXC_ChongLinShiKu	2	未描述	1017	1	0	-1	1	69	18	69	18	4	1	5	10	10000	90	90	4	11	0	0	1	1	-1	0	-1	1	0	-1	-1	-1	-1	1
105	丛林石窟-炼狱	DXC_ChongLinShiKu	2	未描述	1017	1	0	-1	1	69	18	69	18	4	1	5	10	10000	90	90	5	11	0	0	1	1	-1	0	-1	1	0	-1	-1	-1	-1	1
106	幻雪圣殿-普通	DXC_HuanXueShengDian	2	未描述	1018	1	0	-1	1	30	10	30	10	4	1	5	10	10000	70	70	6	11	0	0	1	1	-1	0	-1	1	0	-1	-1	-1	-1	1
107	幻雪圣殿-精英	DXC_HuanXueShengDian	2	未描述	1018	1	0	-1	1	30	10	30	10	4	1	5	10	10000	70	70	7	11	0	0	1	1	-1	0	-1	1	0	-1	-1	-1	-1	1
108	幻雪圣殿-炼狱	DXC_HuanXueShengDian	2	未描述	1018	1	0	-1	1	30	10	30	10	4	1	5	10	10000	70	70	8	11	0	0	1	1	-1	0	-1	1	0	-1	-1	-1	-1	1
109	失落王座-普通	DXC_ShiLuoWangZuo	2	未描述	1019	1	0	-1	1	8	10	8	10	4	1	5	10	10000	60	60	9	11	0	0	1	1	-1	0	-1	1	0	-1	-1	-1	-1	1
110	失落王座-精英	DXC_ShiLuoWangZuo	2	未描述	1019	1	0	-1	1	8	10	8	10	4	1	5	10	10000	60	60	10	11	0	0	1	1	-1	0	-1	1	0	-1	-1	-1	-1	1
111	失落王座-炼狱	DXC_ShiLuoWangZuo	2	未描述	1019	1	0	-1	1	8	10	8	10	4	1	5	10	10000	60	60	11	11	0	0	1	1	-1	0	-1	1	0	-1	-1	-1	-1	1
112	远古祭坛-普通	DXC_YuanGuJiTan	2	未描述	1020	1	0	-1	1	27	12	27	12	4	1	5	10	10000	70	70	12	11	0	0	1	1	-1	0	-1	1	0	-1	-1	-1	-1	1
113	远古祭坛-精英	DXC_YuanGuJiTan	2	未描述	1020	1	0	-1	1	27	12	27	12	4	1	5	10	10000	70	70	13	11	0	0	1	1	-1	0	-1	1	0	-1	-1	-1	-1	1
114	远古祭坛-炼狱	DXC_YuanGuJiTan	2	未描述	1020	1	0	-1	1	27	12	27	12	4	1	5	10	10000	70	70	14	11	0	0	1	1	-1	0	-1	1	0	-1	-1	-1	-1	1
115	深海之谜-普通	DXC_ShengHaiZhiMi	2	未描述	1021	1	0	-1	1	25	11	25	11	4	1	5	10	10000	70	70	15	11	0	0	1	1	-1	0	-1	1	0	-1	-1	-1	-1	1
116	深海之谜-精英	DXC_ShengHaiZhiMi	2	未描述	1021	1	0	-1	1	25	11	25	11	4	1	5	10	10000	70	70	16	11	0	0	1	1	-1	0	-1	1	0	-1	-1	-1	-1	1
117	深海之谜-炼狱	DXC_ShengHaiZhiMi	2	未描述	1021	1	0	-1	1	25	11	25	11	4	1	5	10	10000	70	70	17	11	0	0	1	1	-1	0	-1	1	0	-1	-1	-1	-1	1
118	吞噬沙城-普通	DXC_TunShiShaCheng	2	未描述	1022	1	0	-1	1	6	14	6	14	4	1	5	10	10000	70	70	18	11	0	0	1	1	-1	0	-1	1	0	-1	-1	-1	-1	1
119	吞噬沙城-精英	DXC_TunShiShaCheng	2	未描述	1022	1	0	-1	1	6	14	6	14	4	1	5	10	10000	70	70	19	11	0	0	1	1	-1	0	-1	1	0	-1	-1	-1	-1	1
120	吞噬沙城-炼狱	DXC_TunShiShaCheng	2	未描述	1022	0	0	-1	1	6	14	6	14	4	1	5	10	10000	70	70	20	11	0	0	1	1	-1	0	-1	1	0	-1	-1	-1	-1	1
121	幽暗遗迹-普通	DXC_AnYeShenMiao	2	未描述	1023	1	0	-1	1	24	3.2	24	4	4	1	5	10	10000	49	66	21	11	0	0	1	1	-1	0	-1	1	0	-1	-1	-1	0	1
122	幽暗遗迹-精英	DXC_AnYeShenMiao	2	未描述	1023	1	0	-1	1	24	3.2	24	4	4	1	5	10	10000	49	66	22	11	0	0	1	1	-1	0	-1	1	0	-1	-1	-1	0	1
123	幽暗遗迹-炼狱	DXC_AnYeShenMiao	2	未描述	1023	1	0	-1	1	24	3.2	24	4	4	1	5	10	10000	49	66	23	11	0	0	1	1	-1	0	-1	1	0	-1	-1	-1	0	1
124	远古之城-普通	DXC_AnYeShenMiao	2	未描述	1024	1	0	-1	1	24	3.2	24	4	4	1	5	10	10000	49	66	24	11	0	0	1	1	-1	0	-1	1	0	-1	-1	-1	0	1
125	远古之城-精英	DXC_AnYeShenMiao	2	未描述	1024	1	0	-1	1	24	3.2	24	4	4	1	5	10	10000	49	66	25	11	0	0	1	1	-1	0	-1	1	0	-1	-1	-1	0	1
126	远古之城-炼狱	DXC_AnYeShenMiao	2	未描述	1024	1	0	-1	1	24	3.2	24	4	4	1	5	10	10000	49	66	26	11	0	0	1	1	-1	0	-1	1	0	-1	-1	-1	0	1
127	泰坦遗迹-普通	DXC_AnYeShenMiao	2	未描述	1025	1	0	-1	1	24	3.2	24	4	4	1	5	10	10000	49	66	27	11	0	0	1	1	-1	0	-1	1	0	-1	-1	-1	0	1
128	泰坦遗迹-精英	DXC_AnYeShenMiao	2	未描述	1025	1	0	-1	1	24	3.2	24	4	4	1	5	10	10000	49	66	28	11	0	0	1	1	-1	0	-1	1	0	-1	-1	-1	0	1
129	泰坦遗迹-炼狱	DXC_AnYeShenMiao	2	未描述	1025	1	0	-1	1	24	3.2	24	4	4	1	5	10	10000	49	66	29	11	0	0	1	1	-1	0	-1	1	0	-1	-1	-1	0	1
130	冰封秘境-普通	DXC_AnYeShenMiao	2	未描述	1026	1	0	-1	1	24	3.2	24	4	4	1	5	10	10000	49	66	30	11	0	0	1	1	-1	0	-1	1	0	-1	-1	-1	0	1
131	冰封秘境-精英	DXC_AnYeShenMiao	2	未描述	1026	1	0	-1	1	24	3.2	24	4	4	1	5	10	10000	49	66	31	11	0	0	1	1	-1	0	-1	1	0	-1	-1	-1	0	1
132	冰封秘境-炼狱	DXC_AnYeShenMiao	2	未描述	1026	1	0	-1	1	24	3.2	24	4	4	1	5	10	10000	49	66	32	11	0	0	1	1	-1	0	-1	1	0	-1	-1	-1	0	1
200	玛雅大陆	YW_ShengGuangDaLu	2	未描述	1000	1	1	200	1	127	124	127	124	0	1	1	1	10000	170	192	200	30	0	0	1	1	-1	0	3	1	0	-1	-1	-1	0	1
201	祭雨丛林	YW_JiYuCongLin	2	未描述	1001	1	1	201	1	98.8	35.9	98.8	35.9	0	1	1	1	10000	150	150	201	30	0	0	1	1	-1	0	5	1	0	-1	-1	-1	0	1
202	玛雅大陆	YW_ShengGuangDaLu	2	未描述	1000	1	1	202	1	28	38	28	38	0	1	1	1	260000	170	192	202	30	0	0	1	1	-1	0	3	1	0	-1	-1	-1	0	1
203	凛冬谷	YW_LinDongGu	2	未描述	1003	1	1	203	1	72.7	58.4	82.6	58.4	0	1	1	1	10000	170	170	203	30	0	0	1	1	-1	0	1	1	0	-1	-1	-1	0	1
204	古遗迹海域	YW_GuYiJiHaiYu	2	未描述	1008	1	1	204	1	68	19	68	19	0	1	1	1	10000	150	150	204	30	0	0	1	1	-1	0	6	1	0	-1	-1	-1	0	1
205	古遗迹海域	YW_GuYiJiHaiYu	2	未描述	1008	1	1	205	1	43	110	43	110	0	1	1	1	10000	150	150	205	30	0	0	1	1	-1	0	6	1	0	-1	-1	-1	0	1
206	暗黑沙域	DXC_AnHeiShaYu	2	未描述	1009	1	1	206	1	24	27	24	27	0	1	1	1	10000	110	120	206	30	0	0	1	1	-1	0	7	1	0	-1	-1	-1	0	1
207	暗黑沙域	DXC_AnHeiShaYu	2	未描述	1009	1	1	207	1	42	89	42	89	0	1	1	1	10000	110	120	207	30	0	0	1	1	-1	0	7	1	0	-1	-1	-1	0	1
208	玛雅大陆	YW_ShengGuangDaLu	2	未描述	1000	1	1	208	1	112	162	113	163	0	1	1	1	10000	170	192	208	30	0	0	1	1	-1	0	3	1	0	-1	-1	-1	0	1
209	灭世之战	YW_MieShiZhiZhan	2	未描述	1000	1	0	209	1	43	93	43	93	4	1	5	10	10000	200	200	209	80	0	0	1	1	-1	0	-1	1	0	-1	-1	-1	0	1
210	迷失地宫	DXC_MiShiDiGong	2	未描述	1004	1	1	210	1	55	91	55	91	4	1	1	1	10000	140	140	210	30	0	0	1	1	-1	0	2	1	0	-1	-1	-1	0	1
211	玛雅大陆	YW_ShengGuangDaLu	2	未描述	1000	1	0	211	1	84	92	84	92	4	1	1	1	250000	200	200	211	10	0	0	1	1	-1	0	3	1	0	-1	-1	-1	0	1
212	黄金龙洞窟	DXC_JingJiChang	2	未描述	1036	1	0	212	1	32	15	32	15	4	1	1	1	10000	50	50	212	30	0	0	1	1	-1	0	-1	1	0	-1	-1	-1	0	1
213	试炼之地	DXC_JingLingFuBen	2	未描述	1022	1	0	-1	1	26	26	26	26	4	1	1	1	10000	50	50	213	10	0	0	1	1	-1	0	-1	1	0	-1	-1	-1	0	1
214	暗黑沙域	DXC_AnHeiShaYu	2	未描述	1009	1	1	7	1	42	89	42	89	4	1	1	1	10000	240	240	214	30	0	0	1	1	-1	0	7	1	0	-1	-1	-1	0	1
451	追踪沙魔	DXC_ChongLinShiKu	2	未描述	1022	1	0	-1	1	68.5	21	68.5	21	4	1	1	1	10000	90	90	450	30	0	0	1	1	-1	0	-1	1	0	-1	-1	-1	-1	1
452	追踪沙魔	DXC_HuanXueShengDian	2	未描述	1022	1	0	-1	1	26	5	26	5	4	1	1	1	10000	70	70	451	30	0	0	1	1	-1	0	-1	1	0	-1	-1	-1	-1	1
453	追踪沙魔	DXC_ShiLuoWangZuo	2	未描述	1022	1	0	-1	1	6	19	6	19	4	1	1	1	10000	60	60	452	30	0	0	1	1	-1	0	-1	1	0	-1	-1	-1	-1	1
454	追踪沙魔	DXC_YuanGuJiTan	2	未描述	1022	1	0	-1	1	26	47	26	47	4	1	1	1	10000	70	70	453	30	0	0	1	1	-1	0	-1	1	0	-1	-1	-1	-1	1
455	追踪沙魔	DXC_YuanGuJiTan	2	未描述	1022	1	0	-1	1	26	47	26	47	4	1	1	1	10000	70	70	454	30	0	0	1	1	-1	0	-1	1	0	-1	-1	-1	-1	1
456	追踪沙魔	DXC_ShengHaiZhiMi	2	未描述	1022	1	0	-1	1	28	44	28	44	4	1	1	1	10000	70	70	455	30	0	0	1	1	-1	0	-1	1	0	-1	-1	-1	-1	1
457	追踪沙魔	DXC_ShengHaiZhiMi	2	未描述	1022	1	0	-1	1	28	44	28	44	4	1	1	1	10000	70	70	456	30	0	0	1	1	-1	0	-1	1	0	-1	-1	-1	-1	1
458	追踪沙魔	DXC_TunShiShaCheng	2	未描述	1022	1	0	-1	1	37	50	37	50	4	1	1	1	10000	70	70	457	30	0	0	1	1	-1	0	-1	1	0	-1	-1	-1	-1	1
459	追踪沙魔	DXC_TunShiShaCheng	2	未描述	1022	1	0	-1	1	37	50	37	50	4	1	1	1	10000	70	70	458	30	0	0	1	1	-1	0	-1	1	0	-1	-1	-1	-1	1
500	幽冥魔殿-普通	DXC_YouMingMoDian	2	未描述	1027	1	0	-1	1	24.2	5	24.2	5	4	1	5	10	11000	70	70	500	12	0	0	1	1	-1	0	-1	1	0	-1	-1	-1	-1	1
501	幽冥魔殿-精英	DXC_YouMingMoDian	2	未描述	1027	1	0	-1	1	24.2	5	24.2	5	4	1	5	10	11000	70	70	501	12	0	0	1	1	-1	0	-1	1	0	-1	-1	-1	-1	1
502	幽冥魔殿-炼狱	DXC_YouMingMoDian	2	未描述	1027	1	0	-1	1	24.2	5	24.2	5	4	1	5	10	11000	70	70	502	12	0	0	1	1	-1	0	-1	1	0	-1	-1	-1	-1	1
503	炽焰炼狱-普通	DXC_ChiYanLianYu	2	未描述	1028	1	0	-1	1	36	40	36	40	4	1	5	10	11000	120	120	503	12	0	0	1	1	-1	0	-1	1	0	-1	-1	-1	-1	1
504	炽焰炼狱-精英	DXC_ChiYanLianYu	2	未描述	1028	1	0	-1	1	36	40	36	40	4	1	5	10	11000	120	120	504	12	0	0	1	1	-1	0	-1	1	0	-1	-1	-1	-1	1
505	炽焰炼狱-炼狱	DXC_ChiYanLianYu	2	未描述	1028	1	0	-1	1	36	40	36	40	4	1	5	10	11000	120	120	505	12	0	0	1	1	-1	0	-1	1	0	-1	-1	-1	-1	1
506	死亡漩涡-普通	DXC_SiWangXuanWo	2	未描述	1039	1	0	-1	1	16	14	16	14	4	1	5	10	11000	80	80	506	12	0	0	1	1	-1	0	-1	1	0	-1	-1	-1	-1	1
507	死亡漩涡-精英	DXC_SiWangXuanWo	2	未描述	1039	1	0	-1	1	16	14	16	14	4	1	5	10	11000	80	80	507	12	0	0	1	1	-1	0	-1	1	0	-1	-1	-1	-1	1
508	死亡漩涡-炼狱	DXC_SiWangXuanWo	2	未描述	1039	1	0	-1	1	16	14	16	14	4	1	5	10	11000	80	80	508	12	0	0	1	1	-1	0	-1	1	0	-1	-1	-1	-1	1
509	沙城魔域	DXC_ShaDuMoYu	2	未描述	1022	1	0	-1	1	19	15	19	15	4	1	5	10	11000	135	135	509	12	0	0	1	1	-1	0	-1	1	0	-1	-1	-1	-1	1
1000	要塞	YW_JiaYuan	4	无	1029	0	0	3	1	79.8	49.5	79.8	49.5	2	1	5	5	101000	140	140	1000	10	0	0	1	-1	-1	0	-1	1	0	-1	-1	-1	0	1
1001	竞技场	DXC_JingJiChang	3	未描述	1030	0	0	-1	1	34	15	34	15	3	1	5	10	110000	50	50	1001	30	18	14	1	-1	-1	0	-1	1	0	-1	-1	-1	0	1
1010	贪财地精	YW_JiaYuan	2	无	1029	0	0	3	1	46.09	31.05	46.09	31.05	2	1	1	1	120000	140	140	1010	40	0	0	1	-1	-1	0	-1	1	0	-1	-1	-1	0	1
1019	守卫大陆	YW_JiaYuan	2	无	1029	0	0	3	1	79.8	49.5	79.8	49.5	2	1	1	1	1200010	140	140	1019	40	0	0	1	50	-1	0	-1	1	0	-1	-1	-1	0	1
1020	守卫大陆	YW_JiaYuan	2	无	1029	0	0	3	1	79.8	49.5	79.8	49.5	2	1	1	1	1200010	140	140	1020	40	0	0	1	120	-1	0	-1	1	0	-1	-1	-1	0	1
1021	守卫大陆	YW_JiaYuan	2	无	1029	0	0	3	1	79.8	49.5	79.8	49.5	2	1	1	1	1200010	140	140	1021	40	0	0	1	200	-1	0	-1	1	0	-1	-1	-1	0	1
1022	守卫大陆	YW_JiaYuan	2	无	1029	0	0	3	1	79.8	49.5	79.8	49.5	2	1	1	1	1200010	140	140	1022	40	0	0	1	300	-1	0	-1	1	0	-1	-1	-1	0	1
1023	守卫大陆	YW_JiaYuan	2	无	1029	0	0	3	1	79.8	49.5	79.8	49.5	2	1	1	1	1200010	140	140	1023	40	0	0	1	400	-1	0	-1	1	0	-1	-1	-1	0	1
1050	多人守卫大陆	YW_JiaYuan	2	无	1029	0	0	3	1	79.8	49.5	79.8	49.5	2	1	5	5	120002	140	140	1050	40	0	0	1	-1	-1	0	-1	1	0	-1	-1	-1	0	1
2000	神魔斗场	DXC_ShenMoDouChang	3	未描述	1100	0	0	-1	1	70	127.38	70	127.38	3	1	10	10	200000	140	140	2000	90	70	32.4500007629395	1	50	-1	0	-1	1	1	-1	-1	-1	10	1
2001	神魔斗场	DXC_ShenMoDouChang	3	未描述	1100	0	0	-1	1	70	127.38	70	127.38	3	1	10	10	200001	140	140	2001	90	70	32.4500007629395	1	50	-1	0	-1	1	1	-1	-1	-1	10	1
2002	神魔斗场	DXC_ShenMoDouChang	3	未描述	1100	0	0	-1	1	70	127.38	70	127.38	3	1	10	10	200002	140	140	2002	90	70	32.4500007629395	1	50	-1	0	-1	1	1	-1	-1	-1	10	1
2003	神魔斗场	DXC_ShenMoDouChang	3	未描述	1100	0	0	-1	1	70	127.38	70	127.38	3	1	10	10	200003	140	140	2003	90	70	32.4500007629395	1	50	-1	0	-1	1	1	-1	-1	-1	10	1
2004	神魔斗场	DXC_ShenMoDouChang	3	未描述	1100	0	0	-1	1	70	127.38	70	127.38	3	1	10	10	200004	140	140	2004	90	70	32.4500007629395	1	50	-1	0	-1	1	1	-1	-1	-1	10	1
2100	冰域征战	DXC_BingYuZhengZhan	3	未描述	1033	0	0	-1	1	113	46	113	46	3	1	10	10	210000	120	120	2100	140	10	51	1	50	-1	0	-1	1	1	-1	-1	-1	10	1
2101	冰域征战	DXC_BingYuZhengZhan	3	未描述	1033	0	0	-1	1	113	46	113	46	3	1	10	10	210000	120	120	2101	140	10	51	1	50	-1	0	-1	1	1	-1	-1	-1	10	1
2102	冰域征战	DXC_BingYuZhengZhan	3	未描述	1033	0	0	-1	1	113	46	113	46	3	1	10	10	210000	120	120	2102	140	10	51	1	50	-1	0	-1	1	1	-1	-1	-1	10	1
2103	冰域征战	DXC_BingYuZhengZhan	3	未描述	1033	0	0	-1	1	113	46	113	46	3	1	10	10	210000	120	120	2103	140	10	51	1	50	-1	0	-1	1	1	-1	-1	-1	10	1
2104	冰域征战	DXC_BingYuZhengZhan	3	未描述	1033	0	0	-1	1	113	46	113	46	3	1	10	10	210000	120	120	2104	140	10	51	1	50	-1	0	-1	1	1	-1	-1	-1	10	1
3000	恶魔回廊第一层	DXC_JingJiChang	2	未描述	1036	0	0	-1	1	18	14	18	14	0	1	10	10	100000	50	32	3000	10	34	15	1	-1	-1	0	-1	1	0	-1	-1	-1	0	1
3001	恶魔回廊第二层	DXC_JingJiChang	2	未描述	1036	0	0	-1	1	18	14	18	14	0	1	10	10	100000	50	32	3001	10	34	15	1	-1	-1	0	-1	1	0	-1	-1	-1	0	1
3002	恶魔回廊第三层	DXC_JingJiChang	2	未描述	1036	0	0	-1	1	18	14	18	14	0	1	10	10	100000	50	32	3002	10	34	15	1	-1	-1	0	-1	1	0	-1	-1	-1	0	1
3003	恶魔回廊第四层	DXC_JingJiChang	2	未描述	1036	0	0	-1	1	18	14	18	14	0	1	10	10	100000	50	32	3003	10	34	15	1	-1	-1	0	-1	1	0	-1	-1	-1	0	1
3004	恶魔回廊第五层	DXC_JingJiChang	2	未描述	1036	0	0	-1	1	18	14	18	14	0	1	10	10	100000	50	32	3004	10	34	15	1	-1	-1	0	-1	1	0	-1	-1	-1	0	1
4000	亡灵城堡	DXC_WangLingChengBao	2	未描述	1038	0	1	4000	1	12.33	7.79	12.33	7.79	4	1	5	5	13000	60	60	4000	11	0	0	1	1	-1	0	-1	1	1	-1	-1	-1	0	1
4001	亡灵城堡	DXC_WangLingChengBao	2	未描述	1038	0	1	4001	1	12.33	7.79	12.33	7.79	4	1	10	10	13000	60	60	4001	11	0	0	1	1	-1	0	-1	1	1	-1	-1	-1	0	1
4002	亡灵城堡	DXC_WangLingChengBao	2	未描述	1038	0	1	4002	1	12.33	7.79	12.33	7.79	4	1	10	10	13000	60	60	4002	11	0	0	1	100	-1	0	-1	1	1	-1	-1	-1	0	1
4003	亡灵城堡	DXC_WangLingChengBao	2	未描述	1038	0	1	4003	1	12.33	7.79	12.33	7.79	4	1	10	10	13000	60	60	4003	11	0	0	1	150	-1	0	-1	1	1	-1	-1	-1	0	1
4004	亡灵城堡	DXC_WangLingChengBao	2	未描述	1038	0	1	4004	1	12.33	7.79	12.33	7.79	4	1	10	10	13000	60	60	4004	11	0	0	1	200	-1	0	-1	1	1	-1	-1	-1	0	1
4005	亡灵城堡	DXC_WangLingChengBao	2	未描述	1038	0	1	4005	1	12.33	7.79	12.33	7.79	4	1	10	10	13000	60	60	4005	11	0	0	1	250	-1	0	-1	1	1	-1	-1	-1	0	1
4006	亡灵城堡	DXC_WangLingChengBao	2	未描述	1038	0	1	4006	1	12.33	7.79	12.33	7.79	4	1	10	10	13000	60	60	4006	11	0	0	1	300	-1	0	-1	1	1	-1	-1	-1	0	1
4007	亡灵城堡	DXC_WangLingChengBao	2	未描述	1038	0	1	4007	1	12.33	7.79	12.33	7.79	4	1	10	10	13000	60	60	4007	11	0	0	1	350	-1	0	-1	1	1	-1	-1	-1	0	1
5000	地狱监牢	DXC_DiYuJianLao	2	未描述	1031	0	1	5000	1	30	30	30	30	4	1	5	5	13000	60	60	5000	48	0	0	1	1	-1	0	-1	1	1	-1	-1	-1	0	1
5001	地狱监牢	DXC_DiYuJianLao	2	未描述	1031	0	1	5001	1	30	30	30	30	4	1	10	10	13000	60	60	5001	48	0	0	1	1	-1	0	-1	1	1	-1	-1	-1	0	1
5002	地狱监牢	DXC_DiYuJianLao	2	未描述	1031	0	1	5002	1	30	30	30	30	4	1	10	10	13000	60	60	5002	48	0	0	1	100	-1	0	-1	1	1	-1	-1	-1	0	1
5003	地狱监牢	DXC_DiYuJianLao	2	未描述	1031	0	1	5003	1	30	30	30	30	4	1	10	10	13000	60	60	5003	48	0	0	1	150	-1	0	-1	1	1	-1	-1	-1	0	1
5004	地狱监牢	DXC_DiYuJianLao	2	未描述	1031	0	1	5004	1	30	30	30	30	4	1	10	10	13000	60	60	5004	48	0	0	1	200	-1	0	-1	1	1	-1	-1	-1	0	1
5005	地狱监牢	DXC_DiYuJianLao	2	未描述	1031	0	1	5005	1	30	30	30	30	4	1	10	10	13000	60	60	5005	48	0	0	1	250	-1	0	-1	1	1	-1	-1	-1	0	1
5006	地狱监牢	DXC_DiYuJianLao	2	未描述	1031	0	1	5006	1	30	30	30	30	4	1	10	10	13000	60	60	5006	48	0	0	1	300	-1	0	-1	1	1	-1	-1	-1	0	1
5007	地狱监牢	DXC_DiYuJianLao	2	未描述	1031	0	1	5007	1	30	30	30	30	4	1	10	10	13000	60	60	5007	48	0	0	1	350	-1	0	-1	1	1	-1	-1	-1	0	1
6000	火龙王入侵	DXC_DiYuJianLao	2	未描述	1035	0	1	6000	1	30	30	30	30	4	1	50	50	400000	60	60	6000	20	0	0	1	80	-1	1	-1	1	0	-1	-1	-1	0	1
6100	冰封神迹	DXC_BingFengShenJi	2	未描述	1018	0	1	6100	1	32.64	16.47	32.64	16.47	4	1	5	5	700000	80	80	6100	40	0	0	1	80	-1	0	-1	1	0	-1	-1	-1	0	1
6110	灭世之战I	YW_MieShiZhiZhan	2	未描述	1018	0	1	6110	1	51	94	51	94	4	1	200	200	810000	200	200	6110	10	0	0	1	30	-1	1	-1	1	0	-1	-1	-1	10	1
6111	灭世之战II	YW_MieShiZhiZhan	2	未描述	1018	0	1	6111	1	51	94	51	94	4	1	200	200	810000	200	200	6111	10	0	0	1	40	-1	1	-1	1	0	-1	-1	-1	10	1
6112	灭世之战III	YW_MieShiZhiZhan	2	未描述	1018	0	1	6112	1	51	94	51	94	4	1	200	200	810000	200	200	6112	10	0	0	1	50	-1	1	-1	1	0	-1	-1	-1	10	1
6113	灭世之战IV	YW_MieShiZhiZhan	2	未描述	1018	0	1	6113	1	51	94	51	94	4	1	200	200	810000	200	200	6113	10	0	0	1	60	-1	1	-1	1	0	-1	-1	-1	10	1
6114	灭世之战V	YW_MieShiZhiZhan	2	未描述	1018	0	1	6114	1	51	94	51	94	4	1	200	200	810000	200	200	6114	10	0	0	1	70	-1	1	-1	1	0	-1	-1	-1	10	1
6115	灭世之战VI	YW_MieShiZhiZhan	2	未描述	1018	0	1	6115	1	51	94	51	94	4	1	200	200	810000	200	200	6115	10	0	0	1	80	-1	1	-1	1	0	-1	-1	-1	10	1
6116	灭世之战VII	YW_MieShiZhiZhan	2	未描述	1018	0	1	6116	1	51	94	51	94	4	1	200	200	810000	200	200	6116	10	0	0	1	90	-1	1	-1	1	0	-1	-1	-1	10	1
6117	灭世之战VIII	YW_MieShiZhiZhan	2	未描述	1018	0	1	6117	1	51	94	51	94	4	1	200	200	810000	200	200	6117	10	0	0	1	100	-1	1	-1	1	0	-1	-1	-1	10	1
6118	灭世之战IX	YW_MieShiZhiZhan	2	未描述	1018	0	1	6118	1	51	94	51	94	4	1	200	200	810000	200	200	6118	10	0	0	1	110	-1	1	-1	1	0	-1	-1	-1	10	1
6200	机关金库	DXC_JiGuanJinKu	2	未描述	1019	0	1	6200	1	13.5	6	13.5	6	4	1	1	1	600000	30	30	6200	20	0	0	1	50	-1	0	-1	1	0	-1	-1	-1	0	0
7000	试炼古域	DXC_ShiLianGuYu	2	未描述	1034	0	1	7000	1	93	67	93	67	4	1	20	20	500000	110	110	7000	30	0	0	1	110	-1	1	-1	1	0	-1	-1	-1	0	1
7001	试炼古域	DXC_ShiLianGuYu	2	未描述	1034	0	1	7001	1	93	67	93	67	4	1	20	20	500000	110	110	7001	30	0	0	1	150	-1	1	-1	1	0	-1	-1	-1	0	1
7002	试炼古域	DXC_ShiLianGuYu	2	未描述	1034	0	1	7002	1	93	67	93	67	4	1	20	20	500000	110	110	7002	30	0	0	1	200	-1	1	-1	1	0	-1	-1	-1	0	1
7003	试炼古域	DXC_ShiLianGuYu	2	未描述	1034	0	1	7003	1	93	67	93	67	4	1	20	20	500000	110	110	7003	30	0	0	1	250	-1	1	-1	1	0	-1	-1	-1	0	1
7004	试炼古域	DXC_ShiLianGuYu	2	未描述	1034	0	1	7004	1	93	67	93	67	4	1	20	20	500000	110	110	7004	30	0	0	1	300	-1	1	-1	1	0	-1	-1	-1	0	1
7005	试炼古域	DXC_ShiLianGuYu	2	未描述	1034	0	1	7005	1	93	67	93	67	4	1	20	20	500000	110	110	7005	30	0	0	1	350	-1	1	-1	1	0	-1	-1	-1	0	1
8000	古域纷争	DXC_GuYuFenZheng	3	未描述	1032	1	1	5	1	49	51	49	51	5	1	50	50	210001	100	100	8000	10	0	0	1	145	-1	1	-1	1	1	-1	-1	-1	1	1
8001	古域纷争	DXC_GuYuFenZheng	3	未描述	1032	1	1	5	1	49	51	49	51	5	1	50	50	210001	100	100	8001	10	0	0	1	150	-1	1	-1	1	1	-1	-1	-1	1	1
8002	古域纷争	DXC_GuYuFenZheng	3	未描述	1032	1	1	5	1	49	51	49	51	5	1	50	50	210001	100	100	8002	10	0	0	1	200	-1	1	-1	1	1	-1	-1	-1	1	1
8003	古域纷争	DXC_GuYuFenZheng	3	未描述	1032	1	1	5	1	49	51	49	51	5	1	50	50	210001	100	100	8003	10	0	0	1	250	-1	1	-1	1	1	-1	-1	-1	1	1
8004	古域纷争	DXC_GuYuFenZheng	3	未描述	1032	1	1	5	1	49	51	49	51	5	1	50	50	210001	100	100	8004	10	0	0	1	300	-1	1	-1	1	1	-1	-1	-1	1	1
8005	古域纷争	DXC_GuYuFenZheng	3	未描述	1032	1	1	5	1	49	51	49	51	5	1	50	50	210001	100	100	8005	10	0	0	1	350	-1	1	-1	1	1	-1	-1	-1	1	1
9000	圣光盟战	DXC_ShengGuangMengZhan	3	未描述	1034	1	1	9000	1	95	113	109	113	3	1	150	150	210100	230	230	9000	10	0	0	1	100	-1	1	-1	1	0	-1	-1	-1	0	1
10000	VIP副本1	DXC_JingJiChang	2	未描述	1002	1	0	-1	1	34	15	34	15	4	1	5	10	10000	50	50	10000	11	0	0	1	1	-1	0	-1	1	0	-1	-1	-1	-1	1
10001	VIP副本2	DXC_JingJiChang	2	未描述	1002	1	0	-1	1	34	15	34	15	4	1	5	10	10000	50	50	10001	11	0	0	1	1	-1	0	-1	1	0	-1	-1	-1	-1	1
10002	VIP副本3	DXC_JingJiChang	2	未描述	1002	1	0	-1	1	34	15	34	15	4	1	5	10	10000	50	50	10002	11	0	0	1	1	-1	0	-1	1	0	-1	-1	-1	-1	1
10003	VIP副本4	DXC_JingJiChang	2	未描述	1002	1	0	-1	1	34	15	34	15	4	1	5	10	10000	50	50	10003	11	0	0	1	1	-1	0	-1	1	0	-1	-1	-1	-1	1
10004	VIP副本5	DXC_JingJiChang	2	未描述	1002	1	0	-1	1	34	15	34	15	4	1	5	10	10000	50	50	10004	11	0	0	1	1	-1	0	-1	1	0	-1	-1	-1	-1	1
10005	VIP副本6	DXC_JingJiChang	2	未描述	1002	1	0	-1	1	34	15	34	15	4	1	5	10	10000	50	50	10005	11	0	0	1	1	-1	0	-1	1	0	-1	-1	-1	-1	1
10006	VIP副本7	DXC_JingJiChang	2	未描述	1002	1	0	-1	1	34	15	34	15	4	1	5	10	10000	50	50	10006	11	0	0	1	1	-1	0	-1	1	0	-1	-1	-1	-1	1
10007	VIP副本8	DXC_JingJiChang	2	未描述	1002	1	0	-1	1	34	15	34	15	4	1	5	10	10000	50	50	10007	11	0	0	1	1	-1	0	-1	1	0	-1	-1	-1	-1	1
11000	灵兽岛（初级）	YW_JingLingDao	2	未描述	1002	1	0	-1	1	134	179	134	179	4	0	100	120	230000	200	200	11000	11	0	0	1	1	-1	0	-1	1	0	-1	-1	-1	10	1
11001	灵兽岛（中级）	YW_JingLingDao	2	未描述	1002	1	0	-1	1	134	179	134	179	4	0	100	120	230000	200	200	11001	11	0	0	1	1	-1	0	-1	1	0	-1	-1	-1	10	1
11002	灵兽岛（高级）	YW_JingLingDao	2	未描述	1002	1	0	-1	1	134	179	134	179	4	0	100	120	230000	200	200	11002	11	0	0	1	1	-1	0	-1	1	0	-1	-1	-1	10	1
12000	无尽幻境第1层	YW_WuJinHuanJing	2	未描述	1030	1	0	-1	1	21	27	21	27	4	3	1	1	900000	50	50	12000	100	0	0	1	1	-1	0	-1	1	0	-1	-1	-1	-1	1
12001	无尽幻境第2层	YW_WuJinHuanJing	2	未描述	1030	1	0	-1	1	21	27	21	27	4	3	1	1	900000	50	50	12001	100	0	0	1	1	-1	0	-1	1	0	-1	-1	-1	-1	1
12002	无尽幻境第3层	YW_WuJinHuanJing	2	未描述	1030	1	0	-1	1	21	27	21	27	4	3	1	1	900000	50	50	12002	100	0	0	1	1	-1	0	-1	1	0	-1	-1	-1	-1	1
12003	无尽幻境第4层	YW_WuJinHuanJing	2	未描述	1030	1	0	-1	1	21	27	21	27	4	3	1	1	900000	50	50	12003	100	0	0	1	1	-1	0	-1	1	0	-1	-1	-1	-1	1
12004	无尽幻境第5层	YW_WuJinHuanJing	2	未描述	1030	1	0	-1	1	21	27	21	27	4	3	1	1	900000	50	50	12004	100	0	0	1	1	-1	0	-1	1	0	-1	-1	-1	-1	1
12005	无尽幻境第6层	YW_WuJinHuanJing	2	未描述	1030	1	0	-1	1	21	27	21	27	4	3	1	1	900000	50	50	12005	100	0	0	1	1	-1	0	-1	1	0	-1	-1	-1	-1	1
12006	无尽幻境第7层	YW_WuJinHuanJing	2	未描述	1030	1	0	-1	1	21	27	21	27	4	3	1	1	900000	50	50	12006	100	0	0	1	1	-1	0	-1	1	0	-1	-1	-1	-1	1
12007	无尽幻境第8层	YW_WuJinHuanJing	2	未描述	1030	1	0	-1	1	21	27	21	27	4	3	1	1	900000	50	50	12007	100	0	0	1	1	-1	0	-1	1	0	-1	-1	-1	-1	1
12008	无尽幻境第9层	YW_WuJinHuanJing	2	未描述	1030	1	0	-1	1	21	27	21	27	4	3	1	1	900000	50	50	12008	100	0	0	1	1	-1	0	-1	1	0	-1	-1	-1	-1	1
12009	无尽幻境第10层	YW_WuJinHuanJing	2	未描述	1030	1	0	-1	1	21	27	21	27	4	3	1	1	900000	50	50	12009	100	0	0	1	1	-1	0	-1	1	0	-1	-1	-1	-1	1
12010	无尽幻境第11层	YW_WuJinHuanJing	2	未描述	1030	1	0	-1	1	21	27	21	27	4	3	1	1	900000	50	50	12010	100	0	0	1	1	-1	0	-1	1	0	-1	-1	-1	-1	1
12011	无尽幻境第12层	YW_WuJinHuanJing	2	未描述	1030	1	0	-1	1	21	27	21	27	4	3	1	1	900000	50	50	12011	100	0	0	1	1	-1	0	-1	1	0	-1	-1	-1	-1	1
12012	无尽幻境第13层	YW_WuJinHuanJing	2	未描述	1030	1	0	-1	1	21	27	21	27	4	3	1	1	900000	50	50	12012	100	0	0	1	1	-1	0	-1	1	0	-1	-1	-1	-1	1
12013	无尽幻境第14层	YW_WuJinHuanJing	2	未描述	1030	1	0	-1	1	21	27	21	27	4	3	1	1	900000	50	50	12013	100	0	0	1	1	-1	0	-1	1	0	-1	-1	-1	-1	1
12014	无尽幻境第15层	YW_WuJinHuanJing	2	未描述	1030	1	0	-1	1	21	27	21	27	4	3	1	1	900000	50	50	12014	100	0	0	1	1	-1	0	-1	1	0	-1	-1	-1	-1	1
12015	无尽幻境第16层	YW_WuJinHuanJing	2	未描述	1030	1	0	-1	1	21	27	21	27	4	3	1	1	900000	50	50	12015	100	0	0	1	1	-1	0	-1	1	0	-1	-1	-1	-1	1
12016	无尽幻境第17层	YW_WuJinHuanJing	2	未描述	1030	1	0	-1	1	21	27	21	27	4	3	1	1	900000	50	50	12016	100	0	0	1	1	-1	0	-1	1	0	-1	-1	-1	-1	1
12017	无尽幻境第18层	YW_WuJinHuanJing	2	未描述	1030	1	0	-1	1	21	27	21	27	4	3	1	1	900000	50	50	12017	100	0	0	1	1	-1	0	-1	1	0	-1	-1	-1	-1	1
12018	无尽幻境第19层	YW_WuJinHuanJing	2	未描述	1030	1	0	-1	1	21	27	21	27	4	3	1	1	900000	50	50	12018	100	0	0	1	1	-1	0	-1	1	0	-1	-1	-1	-1	1
12019	无尽幻境第20层	YW_WuJinHuanJing	2	未描述	1030	1	0	-1	1	21	27	21	27	4	3	1	1	900000	50	50	12019	100	0	0	1	1	-1	0	-1	1	0	-1	-1	-1	-1	1
12020	无尽幻境第21层	YW_WuJinHuanJing	2	未描述	1030	1	0	-1	1	21	27	21	27	4	3	1	1	900000	50	50	12020	100	0	0	1	1	-1	0	-1	1	0	-1	-1	-1	-1	1
12021	无尽幻境第22层	YW_WuJinHuanJing	2	未描述	1030	1	0	-1	1	21	27	21	27	4	3	1	1	900000	50	50	12021	100	0	0	1	1	-1	0	-1	1	0	-1	-1	-1	-1	1
12022	无尽幻境第23层	YW_WuJinHuanJing	2	未描述	1030	1	0	-1	1	21	27	21	27	4	3	1	1	900000	50	50	12022	100	0	0	1	1	-1	0	-1	1	0	-1	-1	-1	-1	1
12023	无尽幻境第24层	YW_WuJinHuanJing	2	未描述	1030	1	0	-1	1	21	27	21	27	4	3	1	1	900000	50	50	12023	100	0	0	1	1	-1	0	-1	1	0	-1	-1	-1	-1	1
12024	无尽幻境第25层	YW_WuJinHuanJing	2	未描述	1030	1	0	-1	1	21	27	21	27	4	3	1	1	900000	50	50	12024	100	0	0	1	1	-1	0	-1	1	0	-1	-1	-1	-1	1
12025	无尽幻境第26层	YW_WuJinHuanJing	2	未描述	1030	1	0	-1	1	21	27	21	27	4	3	1	1	900000	50	50	12025	100	0	0	1	1	-1	0	-1	1	0	-1	-1	-1	-1	1
12026	无尽幻境第27层	YW_WuJinHuanJing	2	未描述	1030	1	0	-1	1	21	27	21	27	4	3	1	1	900000	50	50	12026	100	0	0	1	1	-1	0	-1	1	0	-1	-1	-1	-1	1
12027	无尽幻境第28层	YW_WuJinHuanJing	2	未描述	1030	1	0	-1	1	21	27	21	27	4	3	1	1	900000	50	50	12027	100	0	0	1	1	-1	0	-1	1	0	-1	-1	-1	-1	1
12028	无尽幻境第29层	YW_WuJinHuanJing	2	未描述	1030	1	0	-1	1	21	27	21	27	4	3	1	1	900000	50	50	12028	100	0	0	1	1	-1	0	-1	1	0	-1	-1	-1	-1	1
12029	无尽幻境第30层	YW_WuJinHuanJing	2	未描述	1030	1	0	-1	1	21	27	21	27	4	3	1	1	900000	50	50	12029	100	0	0	1	1	-1	0	-1	1	0	-1	-1	-1	-1	1
12030	无尽幻境第31层	YW_WuJinHuanJing	2	未描述	1030	1	0	-1	1	21	27	21	27	4	3	1	1	900000	50	50	12030	100	0	0	1	1	-1	0	-1	1	0	-1	-1	-1	-1	1
12031	无尽幻境第32层	YW_WuJinHuanJing	2	未描述	1030	1	0	-1	1	21	27	21	27	4	3	1	1	900000	50	50	12031	100	0	0	1	1	-1	0	-1	1	0	-1	-1	-1	-1	1
12032	无尽幻境第33层	YW_WuJinHuanJing	2	未描述	1030	1	0	-1	1	21	27	21	27	4	3	1	1	900000	50	50	12032	100	0	0	1	1	-1	0	-1	1	0	-1	-1	-1	-1	1
12033	无尽幻境第34层	YW_WuJinHuanJing	2	未描述	1030	1	0	-1	1	21	27	21	27	4	3	1	1	900000	50	50	12033	100	0	0	1	1	-1	0	-1	1	0	-1	-1	-1	-1	1
12034	无尽幻境第35层	YW_WuJinHuanJing	2	未描述	1030	1	0	-1	1	21	27	21	27	4	3	1	1	900000	50	50	12034	100	0	0	1	1	-1	0	-1	1	0	-1	-1	-1	-1	1
12035	无尽幻境第36层	YW_WuJinHuanJing	2	未描述	1030	1	0	-1	1	21	27	21	27	4	3	1	1	900000	50	50	12035	100	0	0	1	1	-1	0	-1	1	0	-1	-1	-1	-1	1
12036	无尽幻境第37层	YW_WuJinHuanJing	2	未描述	1030	1	0	-1	1	21	27	21	27	4	3	1	1	900000	50	50	12036	100	0	0	1	1	-1	0	-1	1	0	-1	-1	-1	-1	1
12037	无尽幻境第38层	YW_WuJinHuanJing	2	未描述	1030	1	0	-1	1	21	27	21	27	4	3	1	1	900000	50	50	12037	100	0	0	1	1	-1	0	-1	1	0	-1	-1	-1	-1	1
12038	无尽幻境第39层	YW_WuJinHuanJing	2	未描述	1030	1	0	-1	1	21	27	21	27	4	3	1	1	900000	50	50	12038	100	0	0	1	1	-1	0	-1	1	0	-1	-1	-1	-1	1
12039	无尽幻境第40层	YW_WuJinHuanJing	2	未描述	1030	1	0	-1	1	21	27	21	27	4	3	1	1	900000	50	50	12039	100	0	0	1	1	-1	0	-1	1	0	-1	-1	-1	-1	1
12040	无尽幻境第41层	YW_WuJinHuanJing	2	未描述	1030	1	0	-1	1	21	27	21	27	4	3	1	1	900000	50	50	12040	100	0	0	1	1	-1	0	-1	1	0	-1	-1	-1	-1	1
12041	无尽幻境第42层	YW_WuJinHuanJing	2	未描述	1030	1	0	-1	1	21	27	21	27	4	3	1	1	900000	50	50	12041	100	0	0	1	1	-1	0	-1	1	0	-1	-1	-1	-1	1
12042	无尽幻境第43层	YW_WuJinHuanJing	2	未描述	1030	1	0	-1	1	21	27	21	27	4	3	1	1	900000	50	50	12042	100	0	0	1	1	-1	0	-1	1	0	-1	-1	-1	-1	1
12043	无尽幻境第44层	YW_WuJinHuanJing	2	未描述	1030	1	0	-1	1	21	27	21	27	4	3	1	1	900000	50	50	12043	100	0	0	1	1	-1	0	-1	1	0	-1	-1	-1	-1	1
12044	无尽幻境第45层	YW_WuJinHuanJing	2	未描述	1030	1	0	-1	1	21	27	21	27	4	3	1	1	900000	50	50	12044	100	0	0	1	1	-1	0	-1	1	0	-1	-1	-1	-1	1
12045	无尽幻境第46层	YW_WuJinHuanJing	2	未描述	1030	1	0	-1	1	21	27	21	27	4	3	1	1	900000	50	50	12045	100	0	0	1	1	-1	0	-1	1	0	-1	-1	-1	-1	1
12046	无尽幻境第47层	YW_WuJinHuanJing	2	未描述	1030	1	0	-1	1	21	27	21	27	4	3	1	1	900000	50	50	12046	100	0	0	1	1	-1	0	-1	1	0	-1	-1	-1	-1	1
12047	无尽幻境第48层	YW_WuJinHuanJing	2	未描述	1030	1	0	-1	1	21	27	21	27	4	3	1	1	900000	50	50	12047	100	0	0	1	1	-1	0	-1	1	0	-1	-1	-1	-1	1
12048	无尽幻境第49层	YW_WuJinHuanJing	2	未描述	1030	1	0	-1	1	21	27	21	27	4	3	1	1	900000	50	50	12048	100	0	0	1	1	-1	0	-1	1	0	-1	-1	-1	-1	1
12049	无尽幻境第50层	YW_WuJinHuanJing	2	未描述	1030	1	0	-1	1	21	27	21	27	4	3	1	1	900000	50	50	12049	100	0	0	1	1	-1	0	-1	1	0	-1	-1	-1	-1	1
12050	无尽幻境第51层	YW_WuJinHuanJing	2	未描述	1030	1	0	-1	1	21	27	21	27	4	3	1	1	900000	50	50	12050	100	0	0	1	1	-1	0	-1	1	0	-1	-1	-1	-1	1
12051	无尽幻境第52层	YW_WuJinHuanJing	2	未描述	1030	1	0	-1	1	21	27	21	27	4	3	1	1	900000	50	50	12051	100	0	0	1	1	-1	0	-1	1	0	-1	-1	-1	-1	1
12052	无尽幻境第53层	YW_WuJinHuanJing	2	未描述	1030	1	0	-1	1	21	27	21	27	4	3	1	1	900000	50	50	12052	100	0	0	1	1	-1	0	-1	1	0	-1	-1	-1	-1	1
12053	无尽幻境第54层	YW_WuJinHuanJing	2	未描述	1030	1	0	-1	1	21	27	21	27	4	3	1	1	900000	50	50	12053	100	0	0	1	1	-1	0	-1	1	0	-1	-1	-1	-1	1
12054	无尽幻境第55层	YW_WuJinHuanJing	2	未描述	1030	1	0	-1	1	21	27	21	27	4	3	1	1	900000	50	50	12054	100	0	0	1	1	-1	0	-1	1	0	-1	-1	-1	-1	1
12055	无尽幻境第56层	YW_WuJinHuanJing	2	未描述	1030	1	0	-1	1	21	27	21	27	4	3	1	1	900000	50	50	12055	100	0	0	1	1	-1	0	-1	1	0	-1	-1	-1	-1	1
12056	无尽幻境第57层	YW_WuJinHuanJing	2	未描述	1030	1	0	-1	1	21	27	21	27	4	3	1	1	900000	50	50	12056	100	0	0	1	1	-1	0	-1	1	0	-1	-1	-1	-1	1
12057	无尽幻境第58层	YW_WuJinHuanJing	2	未描述	1030	1	0	-1	1	21	27	21	27	4	3	1	1	900000	50	50	12057	100	0	0	1	1	-1	0	-1	1	0	-1	-1	-1	-1	1
12058	无尽幻境第59层	YW_WuJinHuanJing	2	未描述	1030	1	0	-1	1	21	27	21	27	4	3	1	1	900000	50	50	12058	100	0	0	1	1	-1	0	-1	1	0	-1	-1	-1	-1	1
12059	无尽幻境第60层	YW_WuJinHuanJing	2	未描述	1030	1	0	-1	1	21	27	21	27	4	3	1	1	900000	50	50	12059	100	0	0	1	1	-1	0	-1	1	0	-1	-1	-1	-1	1
12060	无尽幻境第61层	YW_WuJinHuanJing	2	未描述	1030	1	0	-1	1	21	27	21	27	4	3	1	1	900000	50	50	12060	100	0	0	1	1	-1	0	-1	1	0	-1	-1	-1	-1	1
12061	无尽幻境第62层	YW_WuJinHuanJing	2	未描述	1030	1	0	-1	1	21	27	21	27	4	3	1	1	900000	50	50	12061	100	0	0	1	1	-1	0	-1	1	0	-1	-1	-1	-1	1
12062	无尽幻境第63层	YW_WuJinHuanJing	2	未描述	1030	1	0	-1	1	21	27	21	27	4	3	1	1	900000	50	50	12062	100	0	0	1	1	-1	0	-1	1	0	-1	-1	-1	-1	1
12063	无尽幻境第64层	YW_WuJinHuanJing	2	未描述	1030	1	0	-1	1	21	27	21	27	4	3	1	1	900000	50	50	12063	100	0	0	1	1	-1	0	-1	1	0	-1	-1	-1	-1	1
12064	无尽幻境第65层	YW_WuJinHuanJing	2	未描述	1030	1	0	-1	1	21	27	21	27	4	3	1	1	900000	50	50	12064	100	0	0	1	1	-1	0	-1	1	0	-1	-1	-1	-1	1
12065	无尽幻境第66层	YW_WuJinHuanJing	2	未描述	1030	1	0	-1	1	21	27	21	27	4	3	1	1	900000	50	50	12065	100	0	0	1	1	-1	0	-1	1	0	-1	-1	-1	-1	1
12066	无尽幻境第67层	YW_WuJinHuanJing	2	未描述	1030	1	0	-1	1	21	27	21	27	4	3	1	1	900000	50	50	12066	100	0	0	1	1	-1	0	-1	1	0	-1	-1	-1	-1	1
12067	无尽幻境第68层	YW_WuJinHuanJing	2	未描述	1030	1	0	-1	1	21	27	21	27	4	3	1	1	900000	50	50	12067	100	0	0	1	1	-1	0	-1	1	0	-1	-1	-1	-1	1
12068	无尽幻境第69层	YW_WuJinHuanJing	2	未描述	1030	1	0	-1	1	21	27	21	27	4	3	1	1	900000	50	50	12068	100	0	0	1	1	-1	0	-1	1	0	-1	-1	-1	-1	1
12069	无尽幻境第70层	YW_WuJinHuanJing	2	未描述	1030	1	0	-1	1	21	27	21	27	4	3	1	1	900000	50	50	12069	100	0	0	1	1	-1	0	-1	1	0	-1	-1	-1	-1	1
12070	无尽幻境第71层	YW_WuJinHuanJing	2	未描述	1030	1	0	-1	1	21	27	21	27	4	3	1	1	900000	50	50	12070	100	0	0	1	1	-1	0	-1	1	0	-1	-1	-1	-1	1
12071	无尽幻境第72层	YW_WuJinHuanJing	2	未描述	1030	1	0	-1	1	21	27	21	27	4	3	1	1	900000	50	50	12071	100	0	0	1	1	-1	0	-1	1	0	-1	-1	-1	-1	1
12072	无尽幻境第73层	YW_WuJinHuanJing	2	未描述	1030	1	0	-1	1	21	27	21	27	4	3	1	1	900000	50	50	12072	100	0	0	1	1	-1	0	-1	1	0	-1	-1	-1	-1	1
12073	无尽幻境第74层	YW_WuJinHuanJing	2	未描述	1030	1	0	-1	1	21	27	21	27	4	3	1	1	900000	50	50	12073	100	0	0	1	1	-1	0	-1	1	0	-1	-1	-1	-1	1
12074	无尽幻境第75层	YW_WuJinHuanJing	2	未描述	1030	1	0	-1	1	21	27	21	27	4	3	1	1	900000	50	50	12074	100	0	0	1	1	-1	0	-1	1	0	-1	-1	-1	-1	1
12075	无尽幻境第76层	YW_WuJinHuanJing	2	未描述	1030	1	0	-1	1	21	27	21	27	4	3	1	1	900000	50	50	12075	100	0	0	1	1	-1	0	-1	1	0	-1	-1	-1	-1	1
12076	无尽幻境第77层	YW_WuJinHuanJing	2	未描述	1030	1	0	-1	1	21	27	21	27	4	3	1	1	900000	50	50	12076	100	0	0	1	1	-1	0	-1	1	0	-1	-1	-1	-1	1
12077	无尽幻境第78层	YW_WuJinHuanJing	2	未描述	1030	1	0	-1	1	21	27	21	27	4	3	1	1	900000	50	50	12077	100	0	0	1	1	-1	0	-1	1	0	-1	-1	-1	-1	1
12078	无尽幻境第79层	YW_WuJinHuanJing	2	未描述	1030	1	0	-1	1	21	27	21	27	4	3	1	1	900000	50	50	12078	100	0	0	1	1	-1	0	-1	1	0	-1	-1	-1	-1	1
12079	无尽幻境第80层	YW_WuJinHuanJing	2	未描述	1030	1	0	-1	1	21	27	21	27	4	3	1	1	900000	50	50	12079	100	0	0	1	1	-1	0	-1	1	0	-1	-1	-1	-1	1
12080	无尽幻境第81层	YW_WuJinHuanJing	2	未描述	1030	1	0	-1	1	21	27	21	27	4	3	1	1	900000	50	50	12080	100	0	0	1	1	-1	0	-1	1	0	-1	-1	-1	-1	1
12081	无尽幻境第82层	YW_WuJinHuanJing	2	未描述	1030	1	0	-1	1	21	27	21	27	4	3	1	1	900000	50	50	12081	100	0	0	1	1	-1	0	-1	1	0	-1	-1	-1	-1	1
12082	无尽幻境第83层	YW_WuJinHuanJing	2	未描述	1030	1	0	-1	1	21	27	21	27	4	3	1	1	900000	50	50	12082	100	0	0	1	1	-1	0	-1	1	0	-1	-1	-1	-1	1
12083	无尽幻境第84层	YW_WuJinHuanJing	2	未描述	1030	1	0	-1	1	21	27	21	27	4	3	1	1	900000	50	50	12083	100	0	0	1	1	-1	0	-1	1	0	-1	-1	-1	-1	1
12084	无尽幻境第85层	YW_WuJinHuanJing	2	未描述	1030	1	0	-1	1	21	27	21	27	4	3	1	1	900000	50	50	12084	100	0	0	1	1	-1	0	-1	1	0	-1	-1	-1	-1	1
12085	无尽幻境第86层	YW_WuJinHuanJing	2	未描述	1030	1	0	-1	1	21	27	21	27	4	3	1	1	900000	50	50	12085	100	0	0	1	1	-1	0	-1	1	0	-1	-1	-1	-1	1
12086	无尽幻境第87层	YW_WuJinHuanJing	2	未描述	1030	1	0	-1	1	21	27	21	27	4	3	1	1	900000	50	50	12086	100	0	0	1	1	-1	0	-1	1	0	-1	-1	-1	-1	1
12087	无尽幻境第88层	YW_WuJinHuanJing	2	未描述	1030	1	0	-1	1	21	27	21	27	4	3	1	1	900000	50	50	12087	100	0	0	1	1	-1	0	-1	1	0	-1	-1	-1	-1	1
12088	无尽幻境第89层	YW_WuJinHuanJing	2	未描述	1030	1	0	-1	1	21	27	21	27	4	3	1	1	900000	50	50	12088	100	0	0	1	1	-1	0	-1	1	0	-1	-1	-1	-1	1
12089	无尽幻境第90层	YW_WuJinHuanJing	2	未描述	1030	1	0	-1	1	21	27	21	27	4	3	1	1	900000	50	50	12089	100	0	0	1	1	-1	0	-1	1	0	-1	-1	-1	-1	1
12090	无尽幻境第91层	YW_WuJinHuanJing	2	未描述	1030	1	0	-1	1	21	27	21	27	4	3	1	1	900000	50	50	12090	100	0	0	1	1	-1	0	-1	1	0	-1	-1	-1	-1	1
12091	无尽幻境第92层	YW_WuJinHuanJing	2	未描述	1030	1	0	-1	1	21	27	21	27	4	3	1	1	900000	50	50	12091	100	0	0	1	1	-1	0	-1	1	0	-1	-1	-1	-1	1
12092	无尽幻境第93层	YW_WuJinHuanJing	2	未描述	1030	1	0	-1	1	21	27	21	27	4	3	1	1	900000	50	50	12092	100	0	0	1	1	-1	0	-1	1	0	-1	-1	-1	-1	1
12093	无尽幻境第94层	YW_WuJinHuanJing	2	未描述	1030	1	0	-1	1	21	27	21	27	4	3	1	1	900000	50	50	12093	100	0	0	1	1	-1	0	-1	1	0	-1	-1	-1	-1	1
12094	无尽幻境第95层	YW_WuJinHuanJing	2	未描述	1030	1	0	-1	1	21	27	21	27	4	3	1	1	900000	50	50	12094	100	0	0	1	1	-1	0	-1	1	0	-1	-1	-1	-1	1
12095	无尽幻境第96层	YW_WuJinHuanJing	2	未描述	1030	1	0	-1	1	21	27	21	27	4	3	1	1	900000	50	50	12095	100	0	0	1	1	-1	0	-1	1	0	-1	-1	-1	-1	1
12096	无尽幻境第97层	YW_WuJinHuanJing	2	未描述	1030	1	0	-1	1	21	27	21	27	4	3	1	1	900000	50	50	12096	100	0	0	1	1	-1	0	-1	1	0	-1	-1	-1	-1	1
12097	无尽幻境第98层	YW_WuJinHuanJing	2	未描述	1030	1	0	-1	1	21	27	21	27	4	3	1	1	900000	50	50	12097	100	0	0	1	1	-1	0	-1	1	0	-1	-1	-1	-1	1
12098	无尽幻境第99层	YW_WuJinHuanJing	2	未描述	1030	1	0	-1	1	21	27	21	27	4	3	1	1	900000	50	50	12098	100	0	0	1	1	-1	0	-1	1	0	-1	-1	-1	-1	1
12099	无尽幻境第100层	YW_WuJinHuanJing	2	未描述	1030	1	0	-1	1	21	27	21	27	4	3	1	1	900000	50	50	12099	100	0	0	1	1	-1	0	-1	1	0	-1	-1	-1	-1	1
20000	蛮荒孤岛	YW_ManHuangGuDao	2	未描述	1032	1	0	20000	1	34	78	51	71	5	1	30	30	220000	90	90	20000	30	0	0	1	95	2000	1	-1	1	1	-1	-1	-1	10	1
20001	蛮荒孤岛	YW_ManHuangGuDao	2	未描述	1032	1	0	20001	1	34	78	51	71	5	1	30	30	220000	90	90	20001	30	0	0	1	95	2000	1	-1	1	1	-1	-1	-1	10	1
20002	蛮荒孤岛	YW_ManHuangGuDao	2	未描述	1032	1	0	20002	1	34	78	51	71	5	1	30	30	220000	90	90	20002	30	0	0	1	95	2000	1	-1	1	1	-1	-1	-1	10	1
20003	蛮荒孤岛	YW_ManHuangGuDao	2	未描述	1032	1	0	20003	1	34	78	51	71	5	1	30	30	220000	90	90	20003	30	0	0	1	95	2000	1	-1	1	1	-1	-1	-1	10	1
20004	蛮荒孤岛	YW_ManHuangGuDao	2	未描述	1032	1	0	20004	1	34	78	51	71	5	1	30	30	220000	90	90	20004	30	0	0	1	95	2000	1	-1	1	1	-1	-1	-1	10	1
20005	蛮荒孤岛	YW_ManHuangGuDao	2	未描述	1032	1	0	20005	1	34	78	51	71	5	1	30	30	220000	90	90	20005	30	0	0	1	95	2000	1	-1	1	1	-1	-1	-1	10	1
21000	古域战场	DXC_GuYuZhanChang	2	未描述	1032	0	1	21000	1	59	16	59	16	1	0	50	50	240000	150	150	21000	30	0	0	1	140	-1	1	-1	1	0	-1	-1	-1	10	1
22000	Boss之家1层	DXC_GuYuZhanChang	6	未描述	1032	1	1	22000	1	59	16	59	16	1	0	50	50	270000	150	150	22000	30	0	0	1	145	-1	1	-1	1	0	-1	-1	-1	10	1
22001	BOSS之家	DXC_GuYuZhanChang	6	未描述	1032	1	1	22001	1	59	16	59	16	1	0	50	50	270000	150	150	22001	30	0	0	1	145	-1	1	-1	1	0	-1	-1	-1	10	1
