INT	INT	INT	INT	INT	INT	INT	INT	INT	INT	INT	INT	INT	INT	INT	INT	INT	INT	INT	INT	INT	INT	INT	INT
索引ID	物品ID	单次出售数量	所属商店	出售货币类型	出售价格	每天限购数量(索扩展计数)	每星期限购数量	每月限购数量	黑市限购数量	所属商品组(每组显示1个)	刷新时间(索引事件表)	购买所需物品ID	购买所需物品数量	可见职业ID	购买标记位	显示条件	购买条件	商品波动价格(索引SkillUpgrading)	祈福成长	祈福加成	祈福加成购买次数	排序(-1表示不显示)	商品权重
0	24000	1	0	2	100	-1	-1	-1	-1	-1	-1	-1	-1	7	-1	-1	-1	-1	-1	-1	-1	0	0
1	24001	1	0	2	300	-1	-1	-1	-1	-1	-1	-1	-1	7	-1	-1	-1	-1	-1	-1	-1	1	0
2	24002	1	0	2	750	-1	-1	-1	-1	-1	-1	-1	-1	7	-1	-1	-1	-1	-1	-1	-1	2	0
3	24003	1	300	2	1500	-1	-1	-1	-1	-1	-1	-1	-1	7	-1	-1	-1	-1	-1	-1	-1	3	0
4	24007	1	0	2	200	-1	-1	-1	-1	-1	-1	-1	-1	7	-1	-1	-1	-1	-1	-1	-1	4	0
5	24008	1	0	2	500	-1	-1	-1	-1	-1	-1	-1	-1	7	-1	-1	-1	-1	-1	-1	-1	5	0
6	210002	1	1	2	187500	-1	-1	-1	-1	-1	-1	-1	-1	7	-1	-1	-1	-1	-1	-1	-1	6	0
7	310002	1	1	2	150000	-1	-1	-1	-1	-1	-1	-1	-1	7	-1	-1	-1	-1	-1	-1	-1	7	0
8	410002	1	1	2	150000	-1	-1	-1	-1	-1	-1	-1	-1	7	-1	-1	-1	-1	-1	-1	-1	8	0
9	411002	1	1	2	30000	-1	-1	-1	-1	-1	-1	-1	-1	7	-1	-1	-1	-1	-1	-1	-1	9	0
10	24013	1	5	2	30	-1	-1	-1	-1	-1	-1	-1	-1	7	-1	-1	-1	-1	-1	-1	-1	10	0
11	24000	1	5	2	100	-1	-1	-1	-1	-1	-1	-1	-1	7	-1	-1	-1	-1	-1	-1	-1	11	0
12	24001	1	5	2	300	-1	-1	-1	-1	-1	-1	-1	-1	7	-1	-1	-1	-1	-1	-1	-1	12	0
13	24002	1	5	2	750	-1	-1	-1	-1	-1	-1	-1	-1	7	-1	-1	-1	-1	-1	-1	-1	13	0
14	24003	1	300	2	1500	-1	-1	-1	-1	-1	-1	-1	-1	7	-1	-1	-1	-1	-1	-1	-1	14	0
15	24007	1	5	2	200	-1	-1	-1	-1	-1	-1	-1	-1	7	-1	-1	-1	-1	-1	-1	-1	15	0
16	24001	1	4	3	1	-1	-1	-1	-1	-1	-1	-1	-1	7	-1	-1	-1	-1	-1	-1	-1	16	0
300	22000	1	201	13	300	350	-1	-1	-1	-1	-1	-1	-1	7	-1	-1	-1	-1	-1	-1	-1	300	0
301	22003	1	201	13	100	351	-1	-1	-1	-1	-1	-1	-1	7	-1	-1	-1	-1	-1	-1	-1	301	0
302	22002	1	203	13	100	352	-1	-1	-1	-1	-1	-1	-1	7	-1	-1	-1	-1	-1	-1	-1	302	0
303	22001	1	203	13	600	353	-1	-1	-1	-1	-1	-1	-1	7	-1	-1	-1	-1	-1	-1	-1	303	0
306	7	300	204	13	500	366	-1	-1	-1	-1	-1	-1	-1	7	-1	-1	-1	-1	-1	-1	-1	317	0
307	22017	1	202	13	60	357	-1	-1	-1	-1	-1	-1	-1	7	-1	-1	-1	-1	-1	-1	-1	307	0
308	22018	1	202	13	200	358	-1	-1	-1	-1	-1	-1	-1	7	-1	-1	-1	-1	-1	-1	-1	308	0
310	22066	1	205	13	500	359	-1	-1	-1	-1	-1	-1	-1	7	-1	-1	-1	-1	-1	-1	-1	310	0
311	22007	1	204	13	10000	360	-1	-1	-1	-1	-1	-1	-1	7	-1	-1	-1	-1	-1	-1	-1	311	0
312	23653	1	206	13	29900	362	-1	-1	-1	-1	-1	-1	-1	7	-1	-1	-1	-1	-1	-1	-1	316	0
315	22007	1	-1	13	10000	365	-1	-1	-1	-1	-1	-1	-1	7	-1	-1	-1	-1	-1	-1	-1	315	0
10001	200001	1	100	2	16000	-1	-1	-1	-1	-1	-1	-1	-1	7	-1	-1	-1	-1	-1	-1	-1	10001	0
10002	204001	1	100	2	20000	-1	-1	-1	-1	-1	-1	-1	-1	7	-1	-1	-1	-1	-1	-1	-1	10002	0
10003	207001	1	100	2	12000	-1	-1	-1	-1	-1	-1	-1	-1	7	-1	-1	-1	-1	-1	-1	-1	10003	0
10004	300001	1	100	2	16000	-1	-1	-1	-1	-1	-1	-1	-1	7	-1	-1	-1	-1	-1	-1	-1	10004	0
10005	304001	1	100	2	20000	-1	-1	-1	-1	-1	-1	-1	-1	7	-1	-1	-1	-1	-1	-1	-1	10005	0
10006	307001	1	100	2	12000	-1	-1	-1	-1	-1	-1	-1	-1	7	-1	-1	-1	-1	-1	-1	-1	10006	0
10101	400001	1	101	2	16000	-1	-1	-1	-1	-1	-1	-1	-1	7	-1	-1	-1	-1	-1	-1	-1	10101	0
10102	404001	1	101	2	20000	-1	-1	-1	-1	-1	-1	-1	-1	7	-1	-1	-1	-1	-1	-1	-1	10102	0
10103	407001	1	101	2	12000	-1	-1	-1	-1	-1	-1	-1	-1	7	-1	-1	-1	-1	-1	-1	-1	10103	0
10201	213001	1	102	2	75000	-1	-1	-1	-1	-1	-1	-1	-1	1	-1	-1	-1	-1	-1	-1	-1	10201	0
10202	313001	1	102	2	75000	-1	-1	-1	-1	-1	-1	-1	-1	2	-1	-1	-1	-1	-1	-1	-1	10202	0
10203	413001	1	102	2	75000	-1	-1	-1	-1	-1	-1	-1	-1	4	-1	-1	-1	-1	-1	-1	-1	10203	0
10301	200002	1	-1	2	40000	-1	-1	-1	-1	-1	-1	-1	-1	1	-1	-1	-1	-1	-1	-1	-1	10301	0
10302	204002	1	-1	2	50000	-1	-1	-1	-1	-1	-1	-1	-1	1	-1	-1	-1	-1	-1	-1	-1	10302	0
10303	207002	1	-1	2	30000	-1	-1	-1	-1	-1	-1	-1	-1	1	-1	-1	-1	-1	-1	-1	-1	10303	0
10304	300002	1	-1	2	40000	-1	-1	-1	-1	-1	-1	-1	-1	2	-1	-1	-1	-1	-1	-1	-1	10304	0
10305	304002	1	-1	2	50000	-1	-1	-1	-1	-1	-1	-1	-1	2	-1	-1	-1	-1	-1	-1	-1	10305	0
10306	307002	1	-1	2	30000	-1	-1	-1	-1	-1	-1	-1	-1	2	-1	-1	-1	-1	-1	-1	-1	10306	0
10307	400002	1	-1	2	40000	-1	-1	-1	-1	-1	-1	-1	-1	4	-1	-1	-1	-1	-1	-1	-1	10307	0
10308	404002	1	-1	2	50000	-1	-1	-1	-1	-1	-1	-1	-1	4	-1	-1	-1	-1	-1	-1	-1	10308	0
10309	407002	1	-1	2	30000	-1	-1	-1	-1	-1	-1	-1	-1	4	-1	-1	-1	-1	-1	-1	-1	10309	0
10310	206301	1	103	10	500	-1	-1	-1	-1	-1	-1	-1	-1	1	2010	-1	-1	-1	-1	-1	-1	10310	0
10311	306301	1	103	10	500	-1	-1	-1	-1	-1	-1	-1	-1	2	2010	-1	-1	-1	-1	-1	-1	10311	0
10312	406301	1	103	10	500	-1	-1	-1	-1	-1	-1	-1	-1	4	2010	-1	-1	-1	-1	-1	-1	10312	0
10313	206302	1	103	10	10000	-1	-1	-1	-1	-1	-1	206301	1	1	2011	-1	-1	-1	-1	-1	-1	10313	0
10314	306302	1	103	10	10000	-1	-1	-1	-1	-1	-1	306301	1	2	2011	-1	-1	-1	-1	-1	-1	10314	0
10315	406302	1	103	10	10000	-1	-1	-1	-1	-1	-1	406301	1	4	2011	-1	-1	-1	-1	-1	-1	10315	0
10316	206303	1	103	10	100000	-1	-1	-1	-1	-1	-1	206302	1	1	2012	-1	-1	-1	-1	-1	-1	10316	0
10317	306303	1	103	10	100000	-1	-1	-1	-1	-1	-1	306302	1	2	2012	-1	-1	-1	-1	-1	-1	10317	0
10318	406303	1	103	10	100000	-1	-1	-1	-1	-1	-1	406302	1	4	2012	-1	-1	-1	-1	-1	-1	10318	0
10319	206304	1	103	10	390000	-1	-1	-1	-1	-1	-1	206303	1	1	2013	-1	-1	-1	-1	-1	-1	10319	0
10320	306304	1	103	10	390000	-1	-1	-1	-1	-1	-1	306303	1	2	2013	-1	-1	-1	-1	-1	-1	10320	0
10321	406304	1	103	10	390000	-1	-1	-1	-1	-1	-1	406303	1	4	2013	-1	-1	-1	-1	-1	-1	10321	0
10322	206305	1	103	10	690000	-1	-1	-1	-1	-1	-1	206304	1	1	2014	-1	-1	-1	-1	-1	-1	10322	0
10323	306305	1	103	10	690000	-1	-1	-1	-1	-1	-1	306304	1	2	2014	-1	-1	-1	-1	-1	-1	10323	0
10324	406305	1	103	10	690000	-1	-1	-1	-1	-1	-1	406304	1	4	2014	-1	-1	-1	-1	-1	-1	10324	0
10325	206306	1	103	10	1000000	-1	-1	-1	-1	-1	-1	206305	1	1	-1	-1	-1	-1	-1	-1	-1	10325	0
10326	306306	1	103	10	1000000	-1	-1	-1	-1	-1	-1	306305	1	2	-1	-1	-1	-1	-1	-1	-1	10326	0
10327	406306	1	103	10	1000000	-1	-1	-1	-1	-1	-1	406305	1	4	-1	-1	-1	-1	-1	-1	-1	10327	0
10328	206307	1	103	10	3000000	-1	-1	-1	-1	-1	-1	206306	1	1	-1	-1	-1	-1	-1	-1	-1	10328	0
10329	306307	1	103	10	3000000	-1	-1	-1	-1	-1	-1	306306	1	2	-1	-1	-1	-1	-1	-1	-1	10329	0
10330	406307	1	103	10	3000000	-1	-1	-1	-1	-1	-1	406306	1	4	-1	-1	-1	-1	-1	-1	-1	10330	0
10352	22017	1	103	10	3000	382	-1	-1	-1	-1	-1	-1	-1	7	-1	2004	-1	-1	-1	-1	-1	10352	0
10353	22018	1	103	10	10000	383	-1	-1	-1	-1	-1	-1	-1	7	-1	2004	-1	-1	-1	-1	-1	10353	0
10401	213002	1	-1	2	187500	-1	-1	-1	-1	-1	-1	-1	-1	1	-1	-1	-1	-1	-1	-1	-1	10401	0
10402	210002	1	-1	2	187500	-1	-1	-1	-1	-1	-1	-1	-1	1	-1	-1	-1	-1	-1	-1	-1	10402	0
10403	212002	1	-1	2	100000	-1	-1	-1	-1	-1	-1	-1	-1	1	-1	-1	-1	-1	-1	-1	-1	10403	0
10404	211002	1	-1	2	37500	-1	-1	-1	-1	-1	-1	-1	-1	1	-1	-1	-1	-1	-1	-1	-1	10404	0
10405	313002	1	-1	2	187500	-1	-1	-1	-1	-1	-1	-1	-1	2	-1	-1	-1	-1	-1	-1	-1	10405	0
10406	310002	1	-1	2	150000	-1	-1	-1	-1	-1	-1	-1	-1	2	-1	-1	-1	-1	-1	-1	-1	10406	0
10407	311002	1	-1	2	37500	-1	-1	-1	-1	-1	-1	-1	-1	2	-1	-1	-1	-1	-1	-1	-1	10407	0
10408	413002	1	-1	2	150000	-1	-1	-1	-1	-1	-1	-1	-1	4	-1	-1	-1	-1	-1	-1	-1	10408	0
10409	410002	1	-1	2	150000	-1	-1	-1	-1	-1	-1	-1	-1	4	-1	-1	-1	-1	-1	-1	-1	10409	0
10410	411002	1	-1	2	30000	-1	-1	-1	-1	-1	-1	-1	-1	4	-1	-1	-1	-1	-1	-1	-1	10410	0
10411	206301	1	104	10	500	-1	-1	-1	-1	-1	-1	-1	-1	1	2010	-1	-1	-1	-1	-1	-1	10411	0
10412	306301	1	104	10	500	-1	-1	-1	-1	-1	-1	-1	-1	2	2010	-1	-1	-1	-1	-1	-1	10412	0
10413	406301	1	104	10	500	-1	-1	-1	-1	-1	-1	-1	-1	4	2010	-1	-1	-1	-1	-1	-1	10413	0
10414	206302	1	104	10	10000	-1	-1	-1	-1	-1	-1	206301	1	1	2011	-1	-1	-1	-1	-1	-1	10414	0
10415	306302	1	104	10	10000	-1	-1	-1	-1	-1	-1	306301	1	2	2011	-1	-1	-1	-1	-1	-1	10415	0
10416	406302	1	104	10	10000	-1	-1	-1	-1	-1	-1	406301	1	4	2011	-1	-1	-1	-1	-1	-1	10416	0
10417	206303	1	104	10	100000	-1	-1	-1	-1	-1	-1	206302	1	1	2012	-1	-1	-1	-1	-1	-1	10417	0
10418	306303	1	104	10	100000	-1	-1	-1	-1	-1	-1	306302	1	2	2012	-1	-1	-1	-1	-1	-1	10418	0
10419	406303	1	104	10	100000	-1	-1	-1	-1	-1	-1	406302	1	4	2012	-1	-1	-1	-1	-1	-1	10419	0
10420	206304	1	104	10	390000	-1	-1	-1	-1	-1	-1	206303	1	1	2013	-1	-1	-1	-1	-1	-1	10420	0
10421	306304	1	104	10	390000	-1	-1	-1	-1	-1	-1	306303	1	2	2013	-1	-1	-1	-1	-1	-1	10421	0
10422	406304	1	104	10	390000	-1	-1	-1	-1	-1	-1	406303	1	4	2013	-1	-1	-1	-1	-1	-1	10422	0
10423	206305	1	104	10	690000	-1	-1	-1	-1	-1	-1	206304	1	1	2014	-1	-1	-1	-1	-1	-1	10423	0
10424	306305	1	104	10	690000	-1	-1	-1	-1	-1	-1	306304	1	2	2014	-1	-1	-1	-1	-1	-1	10424	0
10425	406305	1	104	10	690000	-1	-1	-1	-1	-1	-1	406304	1	4	2014	-1	-1	-1	-1	-1	-1	10425	0
10426	206306	1	104	10	1000000	-1	-1	-1	-1	-1	-1	206305	1	1	-1	-1	-1	-1	-1	-1	-1	10426	0
10427	306306	1	104	10	1000000	-1	-1	-1	-1	-1	-1	306305	1	2	-1	-1	-1	-1	-1	-1	-1	10427	0
10428	406306	1	104	10	1000000	-1	-1	-1	-1	-1	-1	406305	1	4	-1	-1	-1	-1	-1	-1	-1	10428	0
10429	206307	1	104	10	3000000	-1	-1	-1	-1	-1	-1	206306	1	1	-1	-1	-1	-1	-1	-1	-1	10429	0
10430	306307	1	104	10	3000000	-1	-1	-1	-1	-1	-1	306306	1	2	-1	-1	-1	-1	-1	-1	-1	10430	0
10431	406307	1	104	10	3000000	-1	-1	-1	-1	-1	-1	406306	1	4	-1	-1	-1	-1	-1	-1	-1	10431	0
10452	22017	1	104	10	3000	382	-1	-1	-1	-1	-1	-1	-1	7	-1	-1	-1	-1	-1	-1	-1	10452	0
10453	22018	1	104	10	10000	383	-1	-1	-1	-1	-1	-1	-1	7	-1	-1	-1	-1	-1	-1	-1	10453	0
10501	201301	1	105	11	1000	-1	-1	-1	-1	-1	-1	-1	-1	1	2020	-1	-1	-1	-1	-1	-1	10501	0
10502	301301	1	105	11	1000	-1	-1	-1	-1	-1	-1	-1	-1	2	2020	-1	-1	-1	-1	-1	-1	10502	0
10503	401301	1	105	11	1000	-1	-1	-1	-1	-1	-1	-1	-1	4	2020	-1	-1	-1	-1	-1	-1	10503	0
10504	201302	1	105	11	10000	-1	-1	-1	-1	-1	-1	201301	1	1	2021	-1	5602	-1	-1	-1	-1	10504	0
10505	301302	1	105	11	10000	-1	-1	-1	-1	-1	-1	301301	1	2	2021	-1	5602	-1	-1	-1	-1	10505	0
10506	401302	1	105	11	10000	-1	-1	-1	-1	-1	-1	401301	1	4	2021	-1	5602	-1	-1	-1	-1	10506	0
10507	201303	1	105	11	50000	-1	-1	-1	-1	-1	-1	201302	1	1	2022	-1	5604	-1	-1	-1	-1	10507	0
10508	301303	1	105	11	50000	-1	-1	-1	-1	-1	-1	301302	1	2	2022	-1	5604	-1	-1	-1	-1	10508	0
10509	401303	1	105	11	50000	-1	-1	-1	-1	-1	-1	401302	1	4	2022	-1	5604	-1	-1	-1	-1	10509	0
10510	201304	1	105	11	100000	-1	-1	-1	-1	-1	-1	201303	1	1	2023	-1	5606	-1	-1	-1	-1	10510	0
10511	301304	1	105	11	100000	-1	-1	-1	-1	-1	-1	301303	1	2	2023	-1	5606	-1	-1	-1	-1	10511	0
10512	401304	1	105	11	100000	-1	-1	-1	-1	-1	-1	401303	1	4	2023	-1	5606	-1	-1	-1	-1	10512	0
10513	201305	1	105	11	200000	-1	-1	-1	-1	-1	-1	201304	1	1	2024	-1	5608	-1	-1	-1	-1	10513	0
10514	301305	1	105	11	200000	-1	-1	-1	-1	-1	-1	301304	1	2	2024	-1	5608	-1	-1	-1	-1	10514	0
10515	401305	1	105	11	200000	-1	-1	-1	-1	-1	-1	401304	1	4	2024	-1	5608	-1	-1	-1	-1	10515	0
10516	201306	1	105	11	500000	-1	-1	-1	-1	-1	-1	201305	1	1	-1	-1	5610	-1	-1	-1	-1	10516	0
10517	301306	1	105	11	500000	-1	-1	-1	-1	-1	-1	301305	1	2	-1	-1	5610	-1	-1	-1	-1	10517	0
10518	401306	1	105	11	500000	-1	-1	-1	-1	-1	-1	401305	1	4	-1	-1	5610	-1	-1	-1	-1	10518	0
10519	201307	1	105	11	1000000	-1	-1	-1	-1	-1	-1	201306	1	1	-1	-1	5612	-1	-1	-1	-1	10519	0
10520	301307	1	105	11	1000000	-1	-1	-1	-1	-1	-1	301306	1	2	-1	-1	5612	-1	-1	-1	-1	10520	0
10521	401307	1	105	11	1000000	-1	-1	-1	-1	-1	-1	401306	1	4	-1	-1	5612	-1	-1	-1	-1	10521	0
10530	22064	1	105	11	3000	-1	-1	-1	-1	-1	-1	-1	-1	7	-1	-1	-1	-1	-1	-1	-1	10522	0
10550	22000	1	105	11	3000	390	-1	-1	-1	-1	-1	-1	-1	7	-1	-1	-1	-1	-1	-1	-1	10524	0
10551	22001	1	105	11	6000	391	-1	-1	-1	-1	-1	-1	-1	7	-1	-1	-1	-1	-1	-1	-1	10525	0
10552	22002	1	105	11	1000	392	-1	-1	-1	-1	-1	-1	-1	7	-1	-1	-1	-1	-1	-1	-1	10526	0
10553	22003	1	105	11	1000	393	-1	-1	-1	-1	-1	-1	-1	7	-1	-1	-1	-1	-1	-1	-1	10527	0
10555	23105	1	105	11	3000	394	-1	-1	-1	-1	-1	-1	-1	7	-1	-1	-1	-1	-1	-1	-1	10528	0
10597	600000	1	106	28000	50	-1	-1	-1	-1	-1	-1	-1	-1	1	-1	-1	-1	-1	-1	-1	-1	10601	0
10598	600001	1	106	28000	50	-1	-1	-1	-1	-1	-1	-1	-1	2	-1	-1	-1	-1	-1	-1	-1	10603	0
10599	600002	1	106	28000	50	-1	-1	-1	-1	-1	-1	-1	-1	4	-1	-1	-1	-1	-1	-1	-1	10604	0
10600	28000	1	106	8	10000	-1	671	-1	-1	-1	-1	-1	-1	7	-1	-1	-1	-1	-1	-1	-1	10605	0
10601	24003	1	106	8	50	-1	-1	-1	-1	-1	-1	-1	-1	7	-1	-1	-1	-1	-1	-1	-1	10606	0
10602	22000	1	106	8	600	-1	667	-1	-1	-1	-1	-1	-1	7	-1	-1	-1	-1	-1	-1	-1	10607	0
10603	22001	1	106	8	1200	-1	668	-1	-1	-1	-1	-1	-1	7	-1	-1	-1	-1	-1	-1	-1	10608	0
10604	22002	1	106	8	200	-1	669	-1	-1	-1	-1	-1	-1	7	-1	-1	-1	-1	-1	-1	-1	10609	0
10605	22003	1	106	8	200	-1	670	-1	-1	-1	-1	-1	-1	7	-1	-1	-1	-1	-1	-1	-1	10610	0
10606	22055	1	106	8	20000	-1	673	-1	-1	-1	-1	-1	-1	7	-1	-1	-1	-1	-1	-1	-1	10602	0
10700	20000	1	1107	5	1000	-1	-1	-1	-1	-1	-1	20305	15	1	-1	-1	4002	-1	-1	-1	-1	10700	0
10701	20001	1	1107	5	1000	-1	-1	-1	-1	-1	-1	20305	15	1	-1	-1	4002	-1	-1	-1	-1	10701	0
10702	20002	1	1107	5	1000	-1	-1	-1	-1	-1	-1	20305	15	1	-1	-1	4002	-1	-1	-1	-1	10702	0
10703	20004	1	1107	5	1500	-1	-1	-1	-1	-1	-1	20305	20	1	-1	-1	4002	-1	-1	-1	-1	10703	0
10704	20003	1	1107	5	1500	-1	-1	-1	-1	-1	-1	20305	20	1	-1	-1	4002	-1	-1	-1	-1	10704	0
10705	20005	1	1107	5	1500	-1	-1	-1	-1	-1	-1	20305	20	1	-1	-1	4002	-1	-1	-1	-1	10705	0
10706	20006	1	1107	5	2000	-1	-1	-1	-1	-1	-1	20306	25	1	-1	-1	4002	-1	-1	-1	-1	10706	0
10707	20007	1	1107	5	2000	-1	-1	-1	-1	-1	-1	20306	25	1	-1	-1	4002	-1	-1	-1	-1	10707	0
10708	20008	1	1107	5	2000	-1	-1	-1	-1	-1	-1	20306	25	1	-1	-1	4002	-1	-1	-1	-1	10708	0
10710	20100	1	1107	5	1000	-1	-1	-1	-1	-1	-1	20304	15	2	-1	-1	4002	-1	-1	-1	-1	10710	0
10711	20101	1	1107	5	1000	-1	-1	-1	-1	-1	-1	20304	15	2	-1	-1	4002	-1	-1	-1	-1	10711	0
10712	20102	1	1107	5	1000	-1	-1	-1	-1	-1	-1	20304	15	2	-1	-1	4002	-1	-1	-1	-1	10712	0
10713	20104	1	1107	5	1500	-1	-1	-1	-1	-1	-1	20305	20	2	-1	-1	4002	-1	-1	-1	-1	10713	0
10714	20103	1	1107	5	1500	-1	-1	-1	-1	-1	-1	20305	20	2	-1	-1	4002	-1	-1	-1	-1	10714	0
10715	20105	1	1107	5	1500	-1	-1	-1	-1	-1	-1	20305	20	2	-1	-1	4002	-1	-1	-1	-1	10715	0
10716	20106	1	1107	5	2000	-1	-1	-1	-1	-1	-1	20306	25	2	-1	-1	4002	-1	-1	-1	-1	10716	0
10717	20107	1	1107	5	2000	-1	-1	-1	-1	-1	-1	20306	25	2	-1	-1	4002	-1	-1	-1	-1	10717	0
10718	20108	1	1107	5	2000	-1	-1	-1	-1	-1	-1	20306	25	2	-1	-1	4002	-1	-1	-1	-1	10718	0
10720	20200	1	1107	5	1000	-1	-1	-1	-1	-1	-1	20304	15	3	-1	-1	4002	-1	-1	-1	-1	10720	0
10721	20202	1	1107	5	1000	-1	-1	-1	-1	-1	-1	20304	15	3	-1	-1	4002	-1	-1	-1	-1	10721	0
10722	20206	1	1107	5	1000	-1	-1	-1	-1	-1	-1	20304	15	3	-1	-1	4002	-1	-1	-1	-1	10722	0
10723	20204	1	1107	5	1500	-1	-1	-1	-1	-1	-1	20305	20	3	-1	-1	4002	-1	-1	-1	-1	10723	0
10724	20203	1	1107	5	1500	-1	-1	-1	-1	-1	-1	20305	20	3	-1	-1	4002	-1	-1	-1	-1	10724	0
10725	20205	1	1107	5	1500	-1	-1	-1	-1	-1	-1	20305	20	3	-1	-1	4002	-1	-1	-1	-1	10725	0
10726	20201	1	1107	5	2000	-1	-1	-1	-1	-1	-1	20306	25	3	-1	-1	4002	-1	-1	-1	-1	10726	0
10727	20207	1	1107	5	2000	-1	-1	-1	-1	-1	-1	20306	25	3	-1	-1	4002	-1	-1	-1	-1	10727	0
10728	20208	1	1107	5	2000	-1	-1	-1	-1	-1	-1	20306	25	3	-1	-1	4002	-1	-1	-1	-1	10728	0
16000	16000	1	1300	3	1200	980	-1	-1	-1	-1	-1	-1	-1	1	-1	-1	-1	-1	-1	-1	-1	1	0
16001	16001	1	1300	3	1200	989	-1	-1	-1	-1	-1	-1	-1	1	-1	-1	-1	-1	-1	-1	-1	1	0
16002	16002	1	1300	3	1100	998	-1	-1	-1	-1	-1	-1	-1	1	-1	-1	-1	-1	-1	-1	-1	1	0
16003	16003	1	1300	3	1100	1007	-1	-1	-1	-1	-1	-1	-1	1	-1	-1	-1	-1	-1	-1	-1	1	0
16004	16004	1	1300	3	1000	1008	-1	-1	-1	-1	-1	-1	-1	1	-1	-1	-1	-1	-1	-1	-1	1	0
16030	16030	1	1301	3	1000	981	-1	-1	-1	-1	-1	-1	-1	1	-1	-1	-1	-1	-1	-1	-1	1	0
16031	16031	1	1301	3	1000	990	-1	-1	-1	-1	-1	-1	-1	1	-1	-1	-1	-1	-1	-1	-1	1	0
16060	16060	1	1302	3	1000	982	-1	-1	-1	-1	-1	-1	-1	1	-1	-1	-1	-1	-1	-1	-1	1	0
16061	16061	1	1302	3	1000	991	-1	-1	-1	-1	-1	-1	-1	1	-1	-1	-1	-1	-1	-1	-1	1	0
16100	16100	1	1300	3	1200	983	-1	-1	-1	-1	-1	-1	-1	2	-1	-1	-1	-1	-1	-1	-1	1	0
16101	16101	1	1300	3	1200	992	-1	-1	-1	-1	-1	-1	-1	2	-1	-1	-1	-1	-1	-1	-1	1	0
16102	16102	1	1300	3	1100	998	-1	-1	-1	-1	-1	-1	-1	2	-1	-1	-1	-1	-1	-1	-1	1	0
16103	16103	1	1300	3	1100	1007	-1	-1	-1	-1	-1	-1	-1	2	-1	-1	-1	-1	-1	-1	-1	1	0
16104	16104	1	1300	3	1000	1010	-1	-1	-1	-1	-1	-1	-1	2	-1	-1	-1	-1	-1	-1	-1	1	0
16130	16130	1	1301	3	1000	984	-1	-1	-1	-1	-1	-1	-1	2	-1	-1	-1	-1	-1	-1	-1	1	0
16131	16131	1	1301	3	1000	993	-1	-1	-1	-1	-1	-1	-1	2	-1	-1	-1	-1	-1	-1	-1	1	0
16160	16160	1	1302	3	1000	985	-1	-1	-1	-1	-1	-1	-1	2	-1	-1	-1	-1	-1	-1	-1	1	0
16161	16161	1	1302	3	1000	994	-1	-1	-1	-1	-1	-1	-1	2	-1	-1	-1	-1	-1	-1	-1	1	0
16200	16200	1	1300	3	1200	986	-1	-1	-1	-1	-1	-1	-1	4	-1	-1	-1	-1	-1	-1	-1	1	0
16201	16201	1	1300	3	1200	995	-1	-1	-1	-1	-1	-1	-1	4	-1	-1	-1	-1	-1	-1	-1	1	0
16202	16202	1	1300	3	1100	998	-1	-1	-1	-1	-1	-1	-1	4	-1	-1	-1	-1	-1	-1	-1	1	0
16203	16203	1	1300	3	1100	1007	-1	-1	-1	-1	-1	-1	-1	4	-1	-1	-1	-1	-1	-1	-1	1	0
16204	16204	1	1300	3	1000	1012	-1	-1	-1	-1	-1	-1	-1	4	-1	-1	-1	-1	-1	-1	-1	1	0
16230	16230	1	1301	3	1000	987	-1	-1	-1	-1	-1	-1	-1	4	-1	-1	-1	-1	-1	-1	-1	1	0
16231	16231	1	1301	3	1000	996	-1	-1	-1	-1	-1	-1	-1	4	-1	-1	-1	-1	-1	-1	-1	1	0
16260	16260	1	1302	3	1000	988	-1	-1	-1	-1	-1	-1	-1	4	-1	-1	-1	-1	-1	-1	-1	1	0
16261	16261	1	1302	3	1000	997	-1	-1	-1	-1	-1	-1	-1	4	-1	-1	-1	-1	-1	-1	-1	1	0
89994	22501	1	300	3	45	526	-1	-1	-1	-1	0	-1	-1	7	-1	-1	-1	-1	-1	-1	-1	89994	0
89995	22502	1	300	3	90	527	-1	-1	-1	-1	0	-1	-1	7	-1	-1	-1	-1	-1	-1	-1	89995	0
89996	22503	1	300	3	60	528	-1	-1	-1	-1	0	-1	-1	7	-1	-1	-1	-1	-1	-1	-1	89996	0
89997	22504	1	300	3	50	529	-1	-1	-1	-1	0	-1	-1	7	-1	-1	-1	-1	-1	-1	-1	89997	0
89998	23174	1	300	3	18	-1	-1	-1	-1	-1	0	-1	-1	7	-1	-1	-1	-1	-1	-1	-1	89998	0
89999	23175	1	300	3	88	-1	-1	-1	-1	-1	0	-1	-1	7	-1	-1	-1	-1	-1	-1	-1	89999	0
90000	23176	1	300	3	488	-1	-1	-1	-1	-1	0	-1	-1	7	-1	-1	-1	-1	-1	-1	-1	90000	0
100000	23146	1	-1	3	50	523	-1	-1	-1	-1	0	-1	-1	7	-1	-1	-1	-1	-1	-1	-1	100000	0
100026	22003	1	16	17	20	-1	-1	-1	-1	-1	0	-1	-1	7	-1	-1	-1	-1	-1	-1	-1	100026	0
100027	22017	1	16	17	12	-1	-1	-1	-1	-1	0	-1	-1	7	-1	-1	-1	-1	-1	-1	-1	100027	0
100028	22018	1	16	17	40	-1	-1	-1	-1	-1	0	-1	-1	7	-1	-1	-1	-1	-1	-1	-1	100028	0
100029	22066	1	16	17	100	-1	-1	-1	-1	-1	0	-1	-1	7	-1	-1	-1	-1	-1	-1	-1	100029	0
100030	22012	1	-1	17	20	-1	-1	-1	-1	-1	0	-1	-1	7	-1	-1	-1	-1	-1	-1	-1	100030	0
100031	22015	1	-1	17	20	-1	-1	-1	-1	-1	0	-1	-1	7	-1	-1	-1	-1	-1	-1	-1	100031	0
100032	22019	1	16	17	50	-1	-1	-1	-1	-1	0	-1	-1	7	-1	-1	-1	-1	-1	-1	-1	100032	0
100033	22002	1	16	17	20	-1	-1	-1	-1	-1	0	-1	-1	7	-1	-1	-1	-1	-1	-1	-1	100033	0
100034	24513	1	16	17	60	-1	-1	-1	-1	-1	0	-1	-1	7	-1	-1	-1	-1	-1	-1	-1	100034	0
100035	24502	1	16	17	56	-1	-1	-1	-1	-1	0	-1	-1	7	-1	-1	-1	-1	-1	-1	-1	100035	0
100036	24505	1	16	17	56	-1	-1	-1	-1	-1	0	-1	-1	7	-1	-1	-1	-1	-1	-1	-1	100036	0
100037	24508	1	16	17	56	-1	-1	-1	-1	-1	0	-1	-1	7	-1	-1	-1	-1	-1	-1	-1	100037	0
100038	24511	1	16	17	56	-1	-1	-1	-1	-1	0	-1	-1	7	-1	-1	-1	-1	-1	-1	-1	100038	0
100039	27500	1	16	17	20	-1	-1	-1	-1	-1	0	-1	-1	7	-1	-1	-1	-1	-1	-1	-1	100039	0
100040	22053	5	16	17	40	-1	-1	-1	-1	-1	0	-1	-1	7	-1	-1	-1	-1	-1	-1	-1	100040	0
100041	22092	1	16	17	30	-1	-1	-1	-1	-1	0	-1	-1	7	-1	-1	-1	-1	-1	-1	-1	100041	0
100042	20403	1	16	17	80	-1	-1	-1	-1	-1	0	-1	-1	7	-1	-1	-1	-1	-1	-1	-1	100042	0
100043	22052	1	16	17	20	-1	-1	-1	-1	-1	0	-1	-1	7	-1	-1	-1	-1	-1	-1	-1	100043	0
100044	22064	1	16	17	50	-1	-1	-1	-1	-1	0	-1	-1	7	-1	-1	-1	-1	-1	-1	-1	100044	0
100105	22067	1	-1	3	10	-1	-1	-1	-1	-1	0	-1	-1	7	-1	-1	-1	-1	-1	-1	-1	100105	0
100106	22068	1	-1	3	10	-1	-1	-1	-1	-1	0	-1	-1	7	-1	-1	-1	-1	-1	-1	-1	100106	0
100107	22069	1	-1	3	10	-1	-1	-1	-1	-1	0	-1	-1	7	-1	-1	-1	-1	-1	-1	-1	100107	0
100108	22070	1	-1	3	10	-1	-1	-1	-1	-1	0	-1	-1	7	-1	-1	-1	-1	-1	-1	-1	100108	0
100109	22071	1	-1	3	10	-1	-1	-1	-1	-1	0	-1	-1	7	-1	-1	-1	-1	-1	-1	-1	100109	0
100110	22072	1	-1	3	10	-1	-1	-1	-1	-1	0	-1	-1	7	-1	-1	-1	-1	-1	-1	-1	100110	0
100111	22073	1	-1	3	10	-1	-1	-1	-1	-1	0	-1	-1	7	-1	-1	-1	-1	-1	-1	-1	100111	0
100112	22074	1	-1	3	10	-1	-1	-1	-1	-1	0	-1	-1	7	-1	-1	-1	-1	-1	-1	-1	100112	0
100113	22075	1	-1	3	10	-1	-1	-1	-1	-1	0	-1	-1	7	-1	-1	-1	-1	-1	-1	-1	100113	0
100114	22076	1	-1	3	10	-1	-1	-1	-1	-1	0	-1	-1	7	-1	-1	-1	-1	-1	-1	-1	100114	0
100115	22077	1	-1	3	10	-1	-1	-1	-1	-1	0	-1	-1	7	-1	-1	-1	-1	-1	-1	-1	100115	0
100116	22078	1	-1	3	10	-1	-1	-1	-1	-1	0	-1	-1	7	-1	-1	-1	-1	-1	-1	-1	100116	0
100117	22079	1	-1	3	10	-1	-1	-1	-1	-1	0	-1	-1	7	-1	-1	-1	-1	-1	-1	-1	100117	0
100118	22066	1	-1	17	100	-1	-1	-1	-1	-1	0	-1	-1	7	-1	-1	-1	-1	-1	-1	-1	1604	0
100119	22067	1	-1	17	25	-1	-1	-1	-1	-1	0	-1	-1	7	-1	-1	-1	-1	-1	-1	-1	100119	0
100120	22068	1	-1	17	25	-1	-1	-1	-1	-1	0	-1	-1	7	-1	-1	-1	-1	-1	-1	-1	100120	0
100121	22069	1	-1	17	25	-1	-1	-1	-1	-1	0	-1	-1	7	-1	-1	-1	-1	-1	-1	-1	100121	0
100122	22070	1	-1	17	25	-1	-1	-1	-1	-1	0	-1	-1	7	-1	-1	-1	-1	-1	-1	-1	100122	0
100123	22071	1	-1	17	25	-1	-1	-1	-1	-1	0	-1	-1	7	-1	-1	-1	-1	-1	-1	-1	100123	0
100124	22072	1	-1	17	25	-1	-1	-1	-1	-1	0	-1	-1	7	-1	-1	-1	-1	-1	-1	-1	100124	0
100125	22073	1	-1	17	25	-1	-1	-1	-1	-1	0	-1	-1	7	-1	-1	-1	-1	-1	-1	-1	100125	0
100126	22074	1	-1	17	25	-1	-1	-1	-1	-1	0	-1	-1	7	-1	-1	-1	-1	-1	-1	-1	100126	0
100127	22075	1	-1	17	25	-1	-1	-1	-1	-1	0	-1	-1	7	-1	-1	-1	-1	-1	-1	-1	100127	0
100128	22076	1	-1	17	25	-1	-1	-1	-1	-1	0	-1	-1	7	-1	-1	-1	-1	-1	-1	-1	100128	0
100129	22077	1	-1	17	25	-1	-1	-1	-1	-1	0	-1	-1	7	-1	-1	-1	-1	-1	-1	-1	100129	0
100130	22078	1	-1	17	25	-1	-1	-1	-1	-1	0	-1	-1	7	-1	-1	-1	-1	-1	-1	-1	100130	0
100131	22079	1	-1	17	25	-1	-1	-1	-1	-1	0	-1	-1	7	-1	-1	-1	-1	-1	-1	-1	100131	0
100132	22080	1	-1	3	10	-1	-1	-1	-1	-1	0	-1	-1	7	-1	-1	-1	-1	-1	-1	-1	100132	0
100133	22081	1	-1	3	10	-1	-1	-1	-1	-1	0	-1	-1	7	-1	-1	-1	-1	-1	-1	-1	100133	0
100134	22080	1	-1	17	25	-1	-1	-1	-1	-1	0	-1	-1	7	-1	-1	-1	-1	-1	-1	-1	100134	0
100135	22081	1	-1	17	25	-1	-1	-1	-1	-1	0	-1	-1	7	-1	-1	-1	-1	-1	-1	-1	100135	0
100136	22082	1	-1	3	10	-1	-1	-1	-1	-1	0	-1	-1	7	-1	-1	-1	-1	-1	-1	-1	100136	0
100137	22083	1	-1	3	10	-1	-1	-1	-1	-1	0	-1	-1	7	-1	-1	-1	-1	-1	-1	-1	100137	0
100138	22084	1	-1	3	10	-1	-1	-1	-1	-1	0	-1	-1	7	-1	-1	-1	-1	-1	-1	-1	100138	0
100139	22085	1	-1	3	10	-1	-1	-1	-1	-1	0	-1	-1	7	-1	-1	-1	-1	-1	-1	-1	100139	0
100140	22086	1	-1	3	10	-1	-1	-1	-1	-1	0	-1	-1	7	-1	-1	-1	-1	-1	-1	-1	100140	0
100141	22087	1	-1	3	10	-1	-1	-1	-1	-1	0	-1	-1	7	-1	-1	-1	-1	-1	-1	-1	100141	0
100142	22088	1	-1	3	10	-1	-1	-1	-1	-1	0	-1	-1	7	-1	-1	-1	-1	-1	-1	-1	100142	0
100143	22089	1	-1	3	10	-1	-1	-1	-1	-1	0	-1	-1	7	-1	-1	-1	-1	-1	-1	-1	100143	0
100144	22090	1	-1	3	10	-1	-1	-1	-1	-1	0	-1	-1	7	-1	-1	-1	-1	-1	-1	-1	100144	0
100145	22091	1	-1	3	10	-1	-1	-1	-1	-1	0	-1	-1	7	-1	-1	-1	-1	-1	-1	-1	100145	0
101001	23180	1	18	3	48	-1	-1	-1	-1	-1	0	-1	-1	7	-1	-1	66001	-1	-1	-1	-1	101000	0
101002	23181	1	18	3	58	-1	-1	-1	-1	-1	0	-1	-1	7	-1	-1	66002	-1	-1	-1	-1	101001	0
101003	20320	1	18	3	68	-1	-1	-1	-1	-1	0	-1	-1	7	-1	-1	66003	-1	-1	-1	-1	101002	0
101004	36000	1	18	3	30	-1	-1	-1	-1	-1	0	-1	-1	7	-1	-1	66003	-1	-1	-1	-1	101003	0
101005	36001	1	18	3	30	-1	-1	-1	-1	-1	0	-1	-1	7	-1	-1	66004	-1	-1	-1	-1	101004	0
101006	15013	1	18	3	580	-1	-1	-1	-1	-1	0	-1	-1	7	-1	-1	66004	-1	-1	-1	-1	101005	0
101007	36002	1	18	3	30	-1	-1	-1	-1	-1	0	-1	-1	7	-1	-1	66005	-1	-1	-1	-1	101006	0
101008	15014	1	18	3	1280	-1	-1	-1	-1	-1	0	-1	-1	7	-1	-1	66005	-1	-1	-1	-1	101007	0
101009	36003	1	18	3	40	-1	-1	-1	-1	-1	0	-1	-1	7	-1	-1	66006	-1	-1	-1	-1	101008	0
101010	15015	1	18	3	1980	-1	-1	-1	-1	-1	0	-1	-1	7	-1	-1	66006	-1	-1	-1	-1	101009	0
101011	36004	1	18	3	40	-1	-1	-1	-1	-1	0	-1	-1	7	-1	66005	66007	-1	-1	-1	-1	101010	0
101012	15016	1	18	3	2580	-1	-1	-1	-1	-1	0	-1	-1	7	-1	66005	66007	-1	-1	-1	-1	101011	0
101013	36005	1	18	3	50	-1	-1	-1	-1	-1	0	-1	-1	7	-1	66006	66008	-1	-1	-1	-1	101012	0
101014	15017	1	18	3	3680	-1	-1	-1	-1	-1	0	-1	-1	7	-1	66006	66008	-1	-1	-1	-1	101013	0
101015	36006	1	18	3	50	-1	-1	-1	-1	-1	0	-1	-1	7	-1	66007	66009	-1	-1	-1	-1	101014	0
101016	15018	1	18	3	5980	-1	-1	-1	-1	-1	0	-1	-1	7	-1	66007	66009	-1	-1	-1	-1	101015	0
101017	36007	1	18	3	60	-1	-1	-1	-1	-1	0	-1	-1	7	-1	66008	66010	-1	-1	-1	-1	101016	0
101018	15019	1	18	3	9680	-1	-1	-1	-1	-1	0	-1	-1	7	-1	66008	66010	-1	-1	-1	-1	101017	0
101019	36020	1	18	3	80	-1	-1	-1	-1	-1	0	-1	-1	7	-1	66009	66011	-1	-1	-1	-1	101018	0
101020	15020	1	18	3	18880	-1	-1	-1	-1	-1	0	-1	-1	7	-1	66009	66011	-1	-1	-1	-1	101019	0
110000	22007	1	1100	3	480	801	-1	-1	-1	-1	-1	-1	-1	7	-1	-1	-1	-1	-1	-1	-1	1	400
110001	22055	1	1100	3	480	802	-1	-1	-1	-1	-1	-1	-1	7	-1	-1	-1	-1	-1	-1	-1	2	200
110002	28000	1	1100	3	250	803	-1	-1	-1	-1	-1	-1	-1	7	-1	-1	-1	-1	-1	-1	-1	3	200
110003	22054	1	1100	3	100	804	-1	-1	-1	-1	-1	-1	-1	7	-1	-1	-1	-1	-1	-1	-1	4	400
110004	26913	1	-1	3	50	805	-1	-1	-1	-1	-1	-1	-1	7	-1	-1	-1	-1	-1	-1	-1	5	100
110005	26914	1	1100	3	100	806	-1	-1	-1	-1	-1	-1	-1	7	-1	-1	-1	-1	-1	-1	-1	6	100
110006	26915	1	-1	3	200	807	-1	-1	-1	-1	-1	-1	-1	7	-1	-1	-1	-1	-1	-1	-1	7	100
110007	26916	1	-1	3	50	808	-1	-1	-1	-1	-1	-1	-1	7	-1	-1	-1	-1	-1	-1	-1	8	100
110008	26917	1	1100	3	100	809	-1	-1	-1	-1	-1	-1	-1	7	-1	-1	-1	-1	-1	-1	-1	9	100
110009	26918	1	-1	3	200	810	-1	-1	-1	-1	-1	-1	-1	7	-1	-1	-1	-1	-1	-1	-1	10	100
110010	26919	1	-1	3	50	811	-1	-1	-1	-1	-1	-1	-1	7	-1	-1	-1	-1	-1	-1	-1	11	100
110011	26920	1	-1	3	100	812	-1	-1	-1	-1	-1	-1	-1	7	-1	-1	-1	-1	-1	-1	-1	12	100
110012	26921	1	1100	3	200	813	-1	-1	-1	-1	-1	-1	-1	7	-1	-1	-1	-1	-1	-1	-1	13	100
110013	26922	1	-1	3	50	814	-1	-1	-1	-1	-1	-1	-1	7	-1	-1	-1	-1	-1	-1	-1	14	100
110014	26923	1	-1	3	100	815	-1	-1	-1	-1	-1	-1	-1	7	-1	-1	-1	-1	-1	-1	-1	15	100
110015	26924	1	1100	3	200	816	-1	-1	-1	-1	-1	-1	-1	7	-1	-1	-1	-1	-1	-1	-1	16	100
110016	26925	1	-1	3	50	817	-1	-1	-1	-1	-1	-1	-1	7	-1	-1	-1	-1	-1	-1	-1	17	100
110017	26926	1	1100	3	100	818	-1	-1	-1	-1	-1	-1	-1	7	-1	-1	-1	-1	-1	-1	-1	18	100
110018	26927	1	-1	3	200	819	-1	-1	-1	-1	-1	-1	-1	7	-1	-1	-1	-1	-1	-1	-1	19	100
110019	26928	1	-1	3	50	820	-1	-1	-1	-1	-1	-1	-1	7	-1	-1	-1	-1	-1	-1	-1	20	100
110020	26929	1	-1	3	100	821	-1	-1	-1	-1	-1	-1	-1	7	-1	-1	-1	-1	-1	-1	-1	21	100
110021	26930	1	1100	3	200	822	-1	-1	-1	-1	-1	-1	-1	7	-1	-1	-1	-1	-1	-1	-1	22	100
110022	26931	1	-1	3	50	823	-1	-1	-1	-1	-1	-1	-1	7	-1	-1	-1	-1	-1	-1	-1	23	100
110023	26932	1	1100	3	100	824	-1	-1	-1	-1	-1	-1	-1	7	-1	-1	-1	-1	-1	-1	-1	24	100
110024	26933	1	-1	3	200	825	-1	-1	-1	-1	-1	-1	-1	7	-1	-1	-1	-1	-1	-1	-1	25	100
110025	26934	1	-1	3	50	826	-1	-1	-1	-1	-1	-1	-1	7	-1	-1	-1	-1	-1	-1	-1	26	100
110026	26935	1	1100	3	100	827	-1	-1	-1	-1	-1	-1	-1	7	-1	-1	-1	-1	-1	-1	-1	27	100
110027	26936	1	-1	3	200	828	-1	-1	-1	-1	-1	-1	-1	7	-1	-1	-1	-1	-1	-1	-1	28	100
110028	26937	1	-1	3	50	829	-1	-1	-1	-1	-1	-1	-1	7	-1	-1	-1	-1	-1	-1	-1	29	100
110029	26938	1	1100	3	100	830	-1	-1	-1	-1	-1	-1	-1	7	-1	-1	-1	-1	-1	-1	-1	30	100
110030	26939	1	-1	3	200	831	-1	-1	-1	-1	-1	-1	-1	7	-1	-1	-1	-1	-1	-1	-1	31	100
110031	26940	1	-1	3	50	832	-1	-1	-1	-1	-1	-1	-1	7	-1	-1	-1	-1	-1	-1	-1	32	100
110032	26941	1	1100	3	100	833	-1	-1	-1	-1	-1	-1	-1	7	-1	-1	-1	-1	-1	-1	-1	33	100
110033	26942	1	-1	3	200	834	-1	-1	-1	-1	-1	-1	-1	7	-1	-1	-1	-1	-1	-1	-1	34	100
110034	26943	1	-1	3	50	835	-1	-1	-1	-1	-1	-1	-1	7	-1	-1	-1	-1	-1	-1	-1	35	100
110035	26944	1	1100	3	100	836	-1	-1	-1	-1	-1	-1	-1	7	-1	-1	-1	-1	-1	-1	-1	36	100
110036	26945	1	-1	3	200	837	-1	-1	-1	-1	-1	-1	-1	7	-1	-1	-1	-1	-1	-1	-1	37	100
110037	26946	1	-1	3	50	838	-1	-1	-1	-1	-1	-1	-1	7	-1	-1	-1	-1	-1	-1	-1	38	100
110038	26947	1	1100	3	100	839	-1	-1	-1	-1	-1	-1	-1	7	-1	-1	-1	-1	-1	-1	-1	39	100
110039	26948	1	-1	3	200	840	-1	-1	-1	-1	-1	-1	-1	7	-1	-1	-1	-1	-1	-1	-1	40	100
110040	26949	1	-1	3	50	841	-1	-1	-1	-1	-1	-1	-1	7	-1	-1	-1	-1	-1	-1	-1	41	100
110041	26950	1	-1	3	100	842	-1	-1	-1	-1	-1	-1	-1	7	-1	-1	-1	-1	-1	-1	-1	42	100
110042	26951	1	1100	3	200	843	-1	-1	-1	-1	-1	-1	-1	7	-1	-1	-1	-1	-1	-1	-1	43	100
110043	26952	1	-1	3	50	844	-1	-1	-1	-1	-1	-1	-1	7	-1	-1	-1	-1	-1	-1	-1	44	100
110044	26953	1	1100	3	100	845	-1	-1	-1	-1	-1	-1	-1	7	-1	-1	-1	-1	-1	-1	-1	45	100
110045	26954	1	-1	3	200	846	-1	-1	-1	-1	-1	-1	-1	7	-1	-1	-1	-1	-1	-1	-1	46	100
110046	26955	1	-1	3	50	847	-1	-1	-1	-1	-1	-1	-1	7	-1	-1	-1	-1	-1	-1	-1	47	100
110047	26956	1	1100	3	100	848	-1	-1	-1	-1	-1	-1	-1	7	-1	-1	-1	-1	-1	-1	-1	48	100
110048	26957	1	-1	3	200	849	-1	-1	-1	-1	-1	-1	-1	7	-1	-1	-1	-1	-1	-1	-1	49	100
110049	26958	1	-1	3	50	850	-1	-1	-1	-1	-1	-1	-1	7	-1	-1	-1	-1	-1	-1	-1	50	100
110050	26959	1	1100	3	100	851	-1	-1	-1	-1	-1	-1	-1	7	-1	-1	-1	-1	-1	-1	-1	51	100
110051	26960	1	-1	3	200	852	-1	-1	-1	-1	-1	-1	-1	7	-1	-1	-1	-1	-1	-1	-1	52	100
110052	26961	1	-1	3	50	853	-1	-1	-1	-1	-1	-1	-1	7	-1	-1	-1	-1	-1	-1	-1	53	100
110053	26962	1	1100	3	100	854	-1	-1	-1	-1	-1	-1	-1	7	-1	-1	-1	-1	-1	-1	-1	54	100
110054	26963	1	-1	3	200	855	-1	-1	-1	-1	-1	-1	-1	7	-1	-1	-1	-1	-1	-1	-1	55	100
110055	26964	1	-1	3	50	856	-1	-1	-1	-1	-1	-1	-1	7	-1	-1	-1	-1	-1	-1	-1	56	100
110056	26965	1	1100	3	100	857	-1	-1	-1	-1	-1	-1	-1	7	-1	-1	-1	-1	-1	-1	-1	57	100
110057	26966	1	-1	3	200	858	-1	-1	-1	-1	-1	-1	-1	7	-1	-1	-1	-1	-1	-1	-1	58	100
110058	26967	1	-1	3	50	859	-1	-1	-1	-1	-1	-1	-1	7	-1	-1	-1	-1	-1	-1	-1	59	100
110059	26968	1	1100	3	100	860	-1	-1	-1	-1	-1	-1	-1	7	-1	-1	-1	-1	-1	-1	-1	60	100
110060	26969	1	-1	3	200	861	-1	-1	-1	-1	-1	-1	-1	7	-1	-1	-1	-1	-1	-1	-1	61	100
110061	26970	1	-1	3	50	862	-1	-1	-1	-1	-1	-1	-1	7	-1	-1	-1	-1	-1	-1	-1	62	100
110062	26971	1	-1	3	100	863	-1	-1	-1	-1	-1	-1	-1	7	-1	-1	-1	-1	-1	-1	-1	63	100
110063	26972	1	1100	3	200	864	-1	-1	-1	-1	-1	-1	-1	7	-1	-1	-1	-1	-1	-1	-1	64	100
110064	26973	1	-1	3	50	865	-1	-1	-1	-1	-1	-1	-1	7	-1	-1	-1	-1	-1	-1	-1	65	100
110065	26974	1	-1	3	100	866	-1	-1	-1	-1	-1	-1	-1	7	-1	-1	-1	-1	-1	-1	-1	66	100
110066	26975	1	1100	3	200	867	-1	-1	-1	-1	-1	-1	-1	7	-1	-1	-1	-1	-1	-1	-1	67	100
110067	26976	1	-1	3	50	868	-1	-1	-1	-1	-1	-1	-1	7	-1	-1	-1	-1	-1	-1	-1	68	100
110068	26977	1	1100	3	100	869	-1	-1	-1	-1	-1	-1	-1	7	-1	-1	-1	-1	-1	-1	-1	69	100
110069	26978	1	-1	3	200	870	-1	-1	-1	-1	-1	-1	-1	7	-1	-1	-1	-1	-1	-1	-1	70	100
110070	26979	1	-1	3	50	871	-1	-1	-1	-1	-1	-1	-1	7	-1	-1	-1	-1	-1	-1	-1	71	100
110071	26980	1	1100	3	100	872	-1	-1	-1	-1	-1	-1	-1	7	-1	-1	-1	-1	-1	-1	-1	72	100
110072	26981	1	-1	3	200	873	-1	-1	-1	-1	-1	-1	-1	7	-1	-1	-1	-1	-1	-1	-1	73	100
110073	26982	1	-1	3	50	874	-1	-1	-1	-1	-1	-1	-1	7	-1	-1	-1	-1	-1	-1	-1	74	100
110074	26983	1	-1	3	100	875	-1	-1	-1	-1	-1	-1	-1	7	-1	-1	-1	-1	-1	-1	-1	75	100
110075	26984	1	1100	3	200	876	-1	-1	-1	-1	-1	-1	-1	7	-1	-1	-1	-1	-1	-1	-1	76	100
110076	26985	1	-1	3	50	877	-1	-1	-1	-1	-1	-1	-1	7	-1	-1	-1	-1	-1	-1	-1	77	100
110077	26986	1	1100	3	100	878	-1	-1	-1	-1	-1	-1	-1	7	-1	-1	-1	-1	-1	-1	-1	78	100
110078	26987	1	-1	3	200	879	-1	-1	-1	-1	-1	-1	-1	7	-1	-1	-1	-1	-1	-1	-1	79	100
110079	26988	1	-1	3	50	880	-1	-1	-1	-1	-1	-1	-1	7	-1	-1	-1	-1	-1	-1	-1	80	100
110080	26989	1	-1	3	100	881	-1	-1	-1	-1	-1	-1	-1	7	-1	-1	-1	-1	-1	-1	-1	81	100
110081	26990	1	1100	3	200	882	-1	-1	-1	-1	-1	-1	-1	7	-1	-1	-1	-1	-1	-1	-1	82	100
110082	20000	1	1100	3	360	883	-1	-1	-1	-1	-1	-1	-1	7	-1	-1	-1	-1	-1	-1	-1	83	100
110083	20001	1	1100	3	420	884	-1	-1	-1	-1	-1	-1	-1	7	-1	-1	-1	-1	-1	-1	-1	84	100
110084	20002	1	1100	3	480	885	-1	-1	-1	-1	-1	-1	-1	7	-1	-1	-1	-1	-1	-1	-1	85	100
110085	20004	1	1100	3	840	886	-1	-1	-1	-1	-1	-1	-1	7	-1	-1	-1	-1	-1	-1	-1	86	100
110086	20003	1	1100	3	960	887	-1	-1	-1	-1	-1	-1	-1	7	-1	-1	-1	-1	-1	-1	-1	87	100
110087	20005	1	1100	3	1080	888	-1	-1	-1	-1	-1	-1	-1	7	-1	-1	-1	-1	-1	-1	-1	88	100
110088	20006	1	1100	3	1440	889	-1	-1	-1	-1	-1	-1	-1	7	-1	-1	-1	-1	-1	-1	-1	89	100
110089	20007	1	1100	3	1620	890	-1	-1	-1	-1	-1	-1	-1	7	-1	-1	-1	-1	-1	-1	-1	90	100
110090	20008	1	1100	3	1800	891	-1	-1	-1	-1	-1	-1	-1	7	-1	-1	-1	-1	-1	-1	-1	91	100
110091	20100	1	1100	3	360	892	-1	-1	-1	-1	-1	-1	-1	7	-1	-1	-1	-1	-1	-1	-1	92	100
110092	20101	1	1100	3	420	893	-1	-1	-1	-1	-1	-1	-1	7	-1	-1	-1	-1	-1	-1	-1	93	100
110093	20102	1	1100	3	480	894	-1	-1	-1	-1	-1	-1	-1	7	-1	-1	-1	-1	-1	-1	-1	94	100
110094	20104	1	1100	3	840	895	-1	-1	-1	-1	-1	-1	-1	7	-1	-1	-1	-1	-1	-1	-1	95	100
110095	20103	1	1100	3	960	896	-1	-1	-1	-1	-1	-1	-1	7	-1	-1	-1	-1	-1	-1	-1	96	100
110096	20105	1	1100	3	1080	897	-1	-1	-1	-1	-1	-1	-1	7	-1	-1	-1	-1	-1	-1	-1	97	100
110097	20106	1	1100	3	1440	898	-1	-1	-1	-1	-1	-1	-1	7	-1	-1	-1	-1	-1	-1	-1	98	100
110098	20107	1	1100	3	1620	899	-1	-1	-1	-1	-1	-1	-1	7	-1	-1	-1	-1	-1	-1	-1	99	100
110099	20108	1	1100	3	1800	900	-1	-1	-1	-1	-1	-1	-1	7	-1	-1	-1	-1	-1	-1	-1	100	100
110100	20200	1	1100	3	360	901	-1	-1	-1	-1	-1	-1	-1	7	-1	-1	-1	-1	-1	-1	-1	101	100
110101	20202	1	1100	3	420	902	-1	-1	-1	-1	-1	-1	-1	7	-1	-1	-1	-1	-1	-1	-1	102	100
110102	20206	1	1100	3	480	903	-1	-1	-1	-1	-1	-1	-1	7	-1	-1	-1	-1	-1	-1	-1	103	100
110103	20204	1	1100	3	840	904	-1	-1	-1	-1	-1	-1	-1	7	-1	-1	-1	-1	-1	-1	-1	104	100
110104	20203	1	1100	3	960	905	-1	-1	-1	-1	-1	-1	-1	7	-1	-1	-1	-1	-1	-1	-1	105	100
110105	20205	1	1100	3	1080	906	-1	-1	-1	-1	-1	-1	-1	7	-1	-1	-1	-1	-1	-1	-1	106	100
110106	20201	1	1100	3	1440	907	-1	-1	-1	-1	-1	-1	-1	7	-1	-1	-1	-1	-1	-1	-1	107	100
110107	20207	1	1100	3	1620	908	-1	-1	-1	-1	-1	-1	-1	7	-1	-1	-1	-1	-1	-1	-1	108	100
110108	20208	1	1100	3	1800	909	-1	-1	-1	-1	-1	-1	-1	7	-1	-1	-1	-1	-1	-1	-1	109	100
120000	2	500000	17	3	20	523	-1	-1	-1	-1	0	-1	-1	7	-1	-1	-1	123000	-1	-1	-1	120000	0
120001	1	100000	17	3	20	524	-1	-1	-1	-1	0	-1	-1	7	-1	-1	-1	123001	30000	2	5	120001	0
130000	600000	1	1200	9	2000	-1	-1	-1	-1	-1	-1	-1	-1	1	-1	-1	-1	-1	-1	-1	-1	130000	0
130001	600001	1	1200	9	2000	-1	-1	-1	-1	-1	-1	-1	-1	2	-1	-1	-1	-1	-1	-1	-1	130001	0
130002	600002	1	1200	9	2000	-1	-1	-1	-1	-1	-1	-1	-1	4	-1	-1	-1	-1	-1	-1	-1	130002	0
130003	28000	1	1200	9	100	-1	-1	-1	-1	-1	-1	-1	-1	7	-1	-1	-1	-1	-1	-1	-1	130003	0
200001	23180	1	-1	3	48	-1	-1	-1	-1	-1	0	-1	-1	7	-1	-1	-1	-1	-1	-1	-1	200001	0
200002	23181	1	-1	3	48	-1	-1	-1	-1	-1	0	-1	-1	7	-1	-1	-1	-1	-1	-1	-1	200002	0
200003	40204	1	15	3	3880	-1	-1	-1	-1	-1	0	-1	-1	7	-1	-1	-1	-1	-1	-1	-1	200003	0
200004	15013	1	15	3	980	-1	-1	-1	-1	-1	0	-1	-1	7	-1	-1	-1	-1	-1	-1	-1	200004	0
200005	22000	1	15	3	30	-1	-1	-1	-1	-1	0	-1	-1	7	-1	-1	-1	-1	-1	-1	-1	200005	0
200006	22000	10	15	3	240	-1	-1	-1	-1	-1	0	-1	-1	7	-1	-1	-1	-1	-1	-1	-1	200006	0
200007	22001	1	15	3	60	-1	-1	-1	-1	-1	0	-1	-1	7	-1	-1	-1	-1	-1	-1	-1	200007	0
200008	22001	5	15	3	240	-1	-1	-1	-1	-1	0	-1	-1	7	-1	-1	-1	-1	-1	-1	-1	200008	0
200009	22003	1	15	3	10	-1	-1	-1	-1	-1	0	-1	-1	7	-1	-1	-1	-1	-1	-1	-1	200009	0
200010	22003	10	15	3	80	-1	-1	-1	-1	-1	0	-1	-1	7	-1	-1	-1	-1	-1	-1	-1	200010	0
200011	22017	1	15	3	6	-1	-1	-1	-1	-1	0	-1	-1	7	-1	-1	-1	-1	-1	-1	-1	200011	0
200012	22017	10	15	3	48	-1	-1	-1	-1	-1	0	-1	-1	7	-1	-1	-1	-1	-1	-1	-1	200012	0
200013	22018	1	15	3	20	-1	-1	-1	-1	-1	0	-1	-1	7	-1	-1	-1	-1	-1	-1	-1	200013	0
200014	22018	10	15	3	160	-1	-1	-1	-1	-1	0	-1	-1	7	-1	-1	-1	-1	-1	-1	-1	200014	0
200015	22002	1	15	3	10	-1	-1	-1	-1	-1	0	-1	-1	7	-1	-1	-1	-1	-1	-1	-1	200015	0
200016	22002	10	15	3	80	-1	-1	-1	-1	-1	0	-1	-1	7	-1	-1	-1	-1	-1	-1	-1	200016	0
200017	7	300	15	3	50	-1	-1	-1	-1	-1	0	-1	-1	7	-1	-1	-1	-1	-1	-1	-1	200017	0
200018	22007	1	-1	3	980	-1	-1	-1	-1	-1	0	-1	-1	7	-1	-1	-1	-1	-1	-1	-1	200018	0
200019	28000	1	15	3	500	519	-1	-1	-1	-1	0	-1	-1	7	-1	-1	-1	-1	-1	-1	-1	200019	0
200020	22065	1	15	3	50	520	-1	-1	-1	-1	0	-1	-1	7	-1	-1	-1	-1	-1	-1	-1	200020	0
200021	22066	1	15	3	50	-1	-1	-1	-1	-1	0	-1	-1	7	-1	-1	-1	-1	-1	-1	-1	200021	0
200022	24513	1	15	3	30	-1	-1	-1	-1	-1	0	-1	-1	7	-1	-1	-1	-1	-1	-1	-1	200022	0
200023	22053	5	15	3	20	-1	-1	-1	-1	-1	0	-1	-1	7	-1	-1	-1	-1	-1	-1	-1	200023	0
200024	21900	1	15	3	8	-1	-1	-1	-1	-1	0	-1	-1	7	-1	-1	-1	-1	-1	-1	-1	200024	0
200025	22051	1	15	3	18	-1	-1	-1	-1	-1	0	-1	-1	7	-1	-1	-1	-1	-1	-1	-1	200025	0
200026	24950	1	15	3	100	517	-1	-1	-1	-1	0	-1	-1	7	-1	-1	-1	-1	-1	-1	-1	200026	0
200027	23580	1	15	3	100	-1	-1	-1	-1	-1	0	-1	-1	7	-1	-1	-1	-1	-1	-1	-1	200027	0
200028	23581	1	15	3	100	-1	-1	-1	-1	-1	0	-1	-1	7	-1	-1	-1	-1	-1	-1	-1	200028	0
200029	23582	1	15	3	100	-1	-1	-1	-1	-1	0	-1	-1	7	-1	-1	-1	-1	-1	-1	-1	200029	0
200030	27600	1	15	3	200	-1	-1	-1	-1	-1	0	-1	-1	7	-1	-1	-1	-1	-1	-1	-1	200030	0
200031	23580	1	-1	3	100	-1	-1	-1	-1	-1	0	-1	-1	7	-1	-1	-1	-1	-1	-1	-1	200031	0
200032	23581	1	-1	3	100	-1	-1	-1	-1	-1	0	-1	-1	7	-1	-1	-1	-1	-1	-1	-1	200032	0
200033	23582	1	-1	3	100	-1	-1	-1	-1	-1	0	-1	-1	7	-1	-1	-1	-1	-1	-1	-1	200033	0
200034	27600	1	-1	3	200	-1	-1	-1	-1	-1	0	-1	-1	7	-1	-1	-1	-1	-1	-1	-1	200034	0
200035	22007	1	-1	3	300	-1	-1	-1	-1	-1	0	-1	-1	7	-1	-1	-1	-1	-1	-1	-1	200035	0
300000	200503	1	1106	3	3888	-1	-1	-1	1	-1	-1	-1	-1	7	-1	-1	-1	-1	-1	-1	-1	300000	100
300001	204503	1	1106	3	3888	-1	-1	-1	1	-1	-1	-1	-1	7	-1	-1	-1	-1	-1	-1	-1	300001	100
300002	207503	1	1106	3	3888	-1	-1	-1	1	-1	-1	-1	-1	7	-1	-1	-1	-1	-1	-1	-1	300002	100
300003	208503	1	1106	3	3888	-1	-1	-1	1	-1	-1	-1	-1	7	-1	-1	-1	-1	-1	-1	-1	300003	100
300004	209503	1	1106	3	3888	-1	-1	-1	1	-1	-1	-1	-1	7	-1	-1	-1	-1	-1	-1	-1	300004	100
300005	300503	1	1106	3	3888	-1	-1	-1	1	-1	-1	-1	-1	7	-1	-1	-1	-1	-1	-1	-1	300005	100
300006	304503	1	1106	3	3888	-1	-1	-1	1	-1	-1	-1	-1	7	-1	-1	-1	-1	-1	-1	-1	300006	100
300007	307503	1	1106	3	3888	-1	-1	-1	1	-1	-1	-1	-1	7	-1	-1	-1	-1	-1	-1	-1	300007	100
300008	308503	1	1106	3	3888	-1	-1	-1	1	-1	-1	-1	-1	7	-1	-1	-1	-1	-1	-1	-1	300008	100
300009	309503	1	1106	3	3888	-1	-1	-1	1	-1	-1	-1	-1	7	-1	-1	-1	-1	-1	-1	-1	300009	100
300010	400503	1	1106	3	3888	-1	-1	-1	1	-1	-1	-1	-1	7	-1	-1	-1	-1	-1	-1	-1	300010	100
300011	404503	1	1106	3	3888	-1	-1	-1	1	-1	-1	-1	-1	7	-1	-1	-1	-1	-1	-1	-1	300011	100
300012	407503	1	1106	3	3888	-1	-1	-1	1	-1	-1	-1	-1	7	-1	-1	-1	-1	-1	-1	-1	300012	100
300013	408503	1	1106	3	3888	-1	-1	-1	1	-1	-1	-1	-1	7	-1	-1	-1	-1	-1	-1	-1	300013	100
300014	409503	1	1106	3	3888	-1	-1	-1	1	-1	-1	-1	-1	7	-1	-1	-1	-1	-1	-1	-1	300014	100
300015	40200	1	1106	3	3888	-1	-1	-1	1	-1	-1	-1	-1	7	-1	-1	-1	-1	-1	-1	-1	300015	200
300016	40201	1	1106	3	3888	-1	-1	-1	1	-1	-1	-1	-1	7	-1	-1	-1	-1	-1	-1	-1	300016	200
300017	40202	1	1106	3	3888	-1	-1	-1	1	-1	-1	-1	-1	7	-1	-1	-1	-1	-1	-1	-1	300017	200
300018	40203	1	1106	3	3888	-1	-1	-1	1	-1	-1	-1	-1	7	-1	-1	-1	-1	-1	-1	-1	300018	200
300019	40204	1	1106	3	3888	-1	-1	-1	1	-1	-1	-1	-1	7	-1	-1	-1	-1	-1	-1	-1	300019	200
300020	40205	1	1106	3	3888	-1	-1	-1	1	-1	-1	-1	-1	7	-1	-1	-1	-1	-1	-1	-1	300020	200
300021	40206	1	1106	3	3888	-1	-1	-1	1	-1	-1	-1	-1	7	-1	-1	-1	-1	-1	-1	-1	300021	200
300022	40207	1	1106	3	3888	-1	-1	-1	1	-1	-1	-1	-1	7	-1	-1	-1	-1	-1	-1	-1	300022	0
